1	1
11	1.0	0.10 0.10 0.75 0.60 0.50 0.30
2	1
11	1.0	0.10 0.10 0.75 0.60 0.50 0.30
3	1
11	1.0	0.10 0.10 0.75 0.60 0.50 0.30
4	1
11	1.0	0.10 0.10 0.75 0.60 0.50 0.30
5	1
10	1.0	0.10 0.10 1.00 0.70 0.50 0.20
6	1
10	1.0	0.10 0.10 1.00 0.70 0.50 0.20
7	1
10	1.0	0.10 0.10 1.00 0.70 0.50 0.20
8	1
10	1.0	0.10 0.10 1.00 0.70 0.50 0.20
9	1
10	1.0	0.10 0.10 1.00 0.70 0.50 0.20
10	1
10	1.0	0.10 0.10 1.00 0.70 0.50 0.20
11	1
10	1.0	0.10 0.10 1.00 0.70 0.50 0.20
12	1
11	1.0	0.10 0.10 0.75 0.60 0.50 0.30
13	1
11	1.0	0.10 0.10 0.75 0.60 0.50 0.30
14	1
11	1.0	0.10 0.10 0.75 0.60 0.50 0.30
15	1
11	1.0	0.10 0.10 0.75 0.60 0.50 0.30
16	1
10	1.0	0.10 0.10 1.00 0.70 0.50 0.20
17	1
10	1.0	0.10 0.10 1.00 0.70 0.50 0.20
18	1
10	1.0	0.10 0.10 1.00 0.70 0.50 0.20
19	1
10	1.0	0.10 0.10 1.00 0.70 0.50 0.20
20	1
10	1.0	0.10 0.10 1.00 0.70 0.50 0.20
21	1
10	1.0	0.10 0.10 1.00 0.70 0.50 0.20
22	1
10	1.0	0.10 0.10 1.00 0.70 0.50 0.20
23	1
10	1.0	0.10 0.10 1.00 0.70 0.50 0.20
24	1
10	1.0	0.10 0.10 1.00 0.70 0.50 0.20
25	1
10	1.0	0.10 0.10 1.00 0.70 0.50 0.20
26	1
10	1.0	0.10 0.10 1.00 0.70 0.50 0.20
27	1
11	1.0	0.10 0.10 0.75 0.60 0.50 0.30
28	1
11	1.0	0.10 0.10 0.75 0.60 0.50 0.30
29	1
11	1.0	0.10 0.10 0.75 0.60 0.50 0.30
30	1
11	1.0	0.10 0.10 0.75 0.60 0.50 0.30
31	1
11	1.0	0.10 0.10 0.75 0.60 0.50 0.30
32	1
11	1.0	0.10 0.10 0.75 0.60 0.50 0.30
33	1
10	1.0	0.10 0.10 1.00 0.70 0.50 0.20
34	1
10	1.0	0.10 0.10 1.00 0.70 0.50 0.20
35	1
10	1.0	0.10 0.10 1.00 0.70 0.50 0.20
36	1
10	1.0	0.10 0.10 1.00 0.70 0.50 0.20
37	1
10	1.0	0.10 0.10 1.00 0.70 0.50 0.20
38	1
10	1.0	0.10 0.10 1.00 0.70 0.50 0.20
39	1
10	1.0	0.10 0.10 1.00 0.70 0.50 0.20
40	1
10	1.0	0.10 0.10 1.00 0.70 0.50 0.20
41	1
10	1.0	0.10 0.10 1.00 0.70 0.50 0.20
42	1
10	1.0	0.10 0.10 1.00 0.70 0.50 0.20
43	1
10	1.0	0.10 0.10 1.00 0.70 0.50 0.20
44	1
7	1.0	0.10 0.10 1.00 0.65 1.00 0.25
45	1
7	1.0	0.10 0.10 1.00 0.65 1.00 0.25
46	1
6	1.0	0.10 0.10 1.00 0.65 1.00 0.25
47	1
7	1.0	0.10 0.10 1.00 0.65 1.00 0.25
48	1
7	1.0	0.10 0.10 1.00 0.65 1.00 0.25
49	1
10	1.0	0.10 0.10 1.00 0.70 0.50 0.20
50	1
10	1.0	0.10 0.10 1.00 0.70 0.50 0.20
51	1
10	1.0	0.10 0.10 1.00 0.70 0.50 0.20
52	1
11	1.0	0.10 0.10 0.75 0.60 0.50 0.30
53	1
11	1.0	0.10 0.10 0.75 0.60 0.50 0.30
54	1
10	1.0	0.10 0.10 1.00 0.70 0.50 0.20
55	1
11	1.0	0.10 0.10 0.75 0.60 0.50 0.30
56	1
10	1.0	0.10 0.10 1.00 0.70 0.50 0.20
57	1
10	1.0	0.10 0.10 1.00 0.70 0.50 0.20
58	1
11	1.0	0.10 0.10 0.75 0.60 0.50 0.30
59	1
10	1.0	0.10 0.10 1.00 0.70 0.50 0.20
60	1
10	1.0	0.10 0.10 1.00 0.70 0.50 0.20
61	1
10	1.0	0.10 0.10 1.00 0.70 0.50 0.20
62	1
10	1.0	0.10 0.10 1.00 0.70 0.50 0.20
63	1
10	1.0	0.10 0.10 1.00 0.70 0.50 0.20
64	1
7	1.0	0.10 0.10 1.00 0.65 1.00 0.25
65	1
7	1.0	0.10 0.10 1.00 0.65 1.00 0.25
66	1
7	1.0	0.10 0.10 1.00 0.65 1.00 0.25
67	1
7	1.0	0.10 0.10 1.00 0.65 1.00 0.25
68	1
7	1.0	0.10 0.10 1.00 0.65 1.00 0.25
69	1
7	1.0	0.10 0.10 1.00 0.65 1.00 0.25
70	1
7	1.0	0.10 0.10 1.00 0.65 1.00 0.25
71	1
7	1.0	0.10 0.10 1.00 0.65 1.00 0.25
72	1
10	1.0	0.10 0.10 1.00 0.70 0.50 0.20
73	1
10	1.0	0.10 0.10 1.00 0.70 0.50 0.20
74	1
10	1.0	0.10 0.10 1.00 0.70 0.50 0.20
75	1
10	1.0	0.10 0.10 1.00 0.70 0.50 0.20
76	1
10	1.0	0.10 0.10 1.00 0.70 0.50 0.20
77	1
10	1.0	0.10 0.10 1.00 0.70 0.50 0.20
78	1
11	1.0	0.10 0.10 0.75 0.60 0.50 0.30
79	1
10	1.0	0.10 0.10 1.00 0.70 0.50 0.20
80	1
10	1.0	0.10 0.10 1.00 0.70 0.50 0.20
81	1
10	1.0	0.10 0.10 1.00 0.70 0.50 0.20
82	1
10	1.0	0.10 0.10 1.00 0.70 0.50 0.20
83	1
10	1.0	0.10 0.10 1.00 0.70 0.50 0.20
84	1
10	1.0	0.10 0.10 1.00 0.70 0.50 0.20
85	1
10	1.0	0.10 0.10 1.00 0.70 0.50 0.20
86	1
7	1.0	0.10 0.10 1.00 0.65 1.00 0.25
87	1
7	1.0	0.10 0.10 1.00 0.65 1.00 0.25
88	1
8	1.0	0.10 0.10 1.00 0.65 0.50 0.25
89	1
7	1.0	0.10 0.10 1.00 0.65 1.00 0.25
90	1
7	1.0	0.10 0.10 1.00 0.65 1.00 0.25
91	1
10	1.0	0.10 0.10 1.00 0.70 0.50 0.20
92	1
7	1.0	0.10 0.10 1.00 0.65 1.00 0.25
93	1
10	1.0	0.10 0.10 1.00 0.70 0.50 0.20
94	1
10	1.0	0.10 0.10 1.00 0.70 0.50 0.20
95	1
11	1.0	0.10 0.10 0.75 0.60 0.50 0.30
96	1
10	1.0	0.10 0.10 1.00 0.70 0.50 0.20
97	1
11	1.0	0.10 0.10 0.75 0.60 0.50 0.30
98	1
10	1.0	0.10 0.10 1.00 0.70 0.50 0.20
99	1
10	1.0	0.10 0.10 1.00 0.70 0.50 0.20
100	1
10	1.0	0.10 0.10 1.00 0.70 0.50 0.20
101	1
10	1.0	0.10 0.10 1.00 0.70 0.50 0.20
102	1
10	1.0	0.10 0.10 1.00 0.70 0.50 0.20
103	1
7	1.0	0.10 0.10 1.00 0.65 1.00 0.25
104	1
7	1.0	0.10 0.10 1.00 0.65 1.00 0.25
105	1
10	1.0	0.10 0.10 1.00 0.70 0.50 0.20
106	1
7	1.0	0.10 0.10 1.00 0.65 1.00 0.25
107	1
7	1.0	0.10 0.10 1.00 0.65 1.00 0.25
108	1
7	1.0	0.10 0.10 1.00 0.65 1.00 0.25
109	1
7	1.0	0.10 0.10 1.00 0.65 1.00 0.25
110	1
7	1.0	0.10 0.10 1.00 0.65 1.00 0.25
111	1
10	1.0	0.10 0.10 1.00 0.70 0.50 0.20
112	1
7	1.0	0.10 0.10 1.00 0.65 1.00 0.25
113	1
7	1.0	0.10 0.10 1.00 0.65 1.00 0.25
114	1
11	1.0	0.10 0.10 0.75 0.60 0.50 0.30
115	1
10	1.0	0.10 0.10 1.00 0.70 0.50 0.20
116	1
11	1.0	0.10 0.10 0.75 0.60 0.50 0.30
117	1
11	1.0	0.10 0.10 0.75 0.60 0.50 0.30
118	1
10	1.0	0.10 0.10 1.00 0.70 0.50 0.20
119	1
10	1.0	0.10 0.10 1.00 0.70 0.50 0.20
120	1
10	1.0	0.10 0.10 1.00 0.70 0.50 0.20
121	1
10	1.0	0.10 0.10 1.00 0.70 0.50 0.20
122	1
10	1.0	0.10 0.10 1.00 0.70 0.50 0.20
123	1
10	1.0	0.10 0.10 1.00 0.70 0.50 0.20
124	1
10	1.0	0.10 0.10 1.00 0.70 0.50 0.20
125	1
10	1.0	0.10 0.10 1.00 0.70 0.50 0.20
126	1
10	1.0	0.10 0.10 1.00 0.70 0.50 0.20
127	1
7	1.0	0.10 0.10 1.00 0.65 1.00 0.25
128	1
10	1.0	0.10 0.10 1.00 0.70 0.50 0.20
129	1
10	1.0	0.10 0.10 1.00 0.70 0.50 0.20
130	1
7	1.0	0.10 0.10 1.00 0.65 1.00 0.25
131	1
10	1.0	0.10 0.10 1.00 0.70 0.50 0.20
132	1
10	1.0	0.10 0.10 1.00 0.70 0.50 0.20
133	1
10	1.0	0.10 0.10 1.00 0.70 0.50 0.20
134	1
11	1.0	0.10 0.10 0.75 0.60 0.50 0.30
135	1
11	1.0	0.10 0.10 0.75 0.60 0.50 0.30
136	1
11	1.0	0.10 0.10 0.75 0.60 0.50 0.30
137	1
10	1.0	0.10 0.10 1.00 0.70 0.50 0.20
138	1
10	1.0	0.10 0.10 1.00 0.70 0.50 0.20
139	1
11	1.0	0.10 0.10 0.75 0.60 0.50 0.30
140	1
10	1.0	0.10 0.10 1.00 0.70 0.50 0.20
141	1
10	1.0	0.10 0.10 1.00 0.70 0.50 0.20
142	1
10	1.0	0.10 0.10 1.00 0.70 0.50 0.20
143	1
10	1.0	0.10 0.10 1.00 0.70 0.50 0.20
144	1
7	1.0	0.10 0.10 1.00 0.65 1.00 0.25
145	1
7	1.0	0.10 0.10 1.00 0.65 1.00 0.25
146	1
10	1.0	0.10 0.10 1.00 0.70 0.50 0.20
147	1
10	1.0	0.10 0.10 1.00 0.70 0.50 0.20
148	1
10	1.0	0.10 0.10 1.00 0.70 0.50 0.20
149	1
10	1.0	0.10 0.10 1.00 0.70 0.50 0.20
150	1
10	1.0	0.10 0.10 1.00 0.70 0.50 0.20
151	1
7	1.0	0.10 0.10 1.00 0.65 1.00 0.25
152	1
10	1.0	0.10 0.10 1.00 0.70 0.50 0.20
153	1
10	1.0	0.10 0.10 1.00 0.70 0.50 0.20
154	1
10	1.0	0.10 0.10 1.00 0.70 0.50 0.20
155	1
10	1.0	0.10 0.10 1.00 0.70 0.50 0.20
156	1
10	1.0	0.10 0.10 1.00 0.70 0.50 0.20
157	1
10	1.0	0.10 0.10 1.00 0.70 0.50 0.20
158	1
11	1.0	0.10 0.10 0.75 0.60 0.50 0.30
159	1
11	1.0	0.10 0.10 0.75 0.60 0.50 0.30
160	1
11	1.0	0.10 0.10 0.75 0.60 0.50 0.30
161	1
10	1.0	0.10 0.10 1.00 0.70 0.50 0.20
162	1
10	1.0	0.10 0.10 1.00 0.70 0.50 0.20
163	1
10	1.0	0.10 0.10 1.00 0.70 0.50 0.20
164	1
10	1.0	0.10 0.10 1.00 0.70 0.50 0.20
165	1
10	1.0	0.10 0.10 1.00 0.70 0.50 0.20
166	1
10	1.0	0.10 0.10 1.00 0.70 0.50 0.20
167	1
10	1.0	0.10 0.10 1.00 0.70 0.50 0.20
168	1
10	1.0	0.10 0.10 1.00 0.70 0.50 0.20
169	1
10	1.0	0.10 0.10 1.00 0.70 0.50 0.20
170	1
10	1.0	0.10 0.10 1.00 0.70 0.50 0.20
171	1
10	1.0	0.10 0.10 1.00 0.70 0.50 0.20
172	1
10	1.0	0.10 0.10 1.00 0.70 0.50 0.20
173	1
7	1.0	0.10 0.10 1.00 0.65 1.00 0.25
174	1
11	1.0	0.10 0.10 0.75 0.60 0.50 0.30
175	1
10	1.0	0.10 0.10 1.00 0.70 0.50 0.20
176	1
10	1.0	0.10 0.10 1.00 0.70 0.50 0.20
177	1
10	1.0	0.10 0.10 1.00 0.70 0.50 0.20
178	1
10	1.0	0.10 0.10 1.00 0.70 0.50 0.20
179	1
10	1.0	0.10 0.10 1.00 0.70 0.50 0.20
180	1
10	1.0	0.10 0.10 1.00 0.70 0.50 0.20
181	1
11	1.0	0.10 0.10 0.75 0.60 0.50 0.30
182	1
11	1.0	0.10 0.10 0.75 0.60 0.50 0.30
183	1
10	1.0	0.10 0.10 1.00 0.70 0.50 0.20
184	1
11	1.0	0.10 0.10 0.75 0.60 0.50 0.30
185	1
11	1.0	0.10 0.10 0.75 0.60 0.50 0.30
186	1
10	1.0	0.10 0.10 1.00 0.70 0.50 0.20
187	1
11	1.0	0.10 0.10 0.75 0.60 0.50 0.30
188	1
11	1.0	0.10 0.10 0.75 0.60 0.50 0.30
189	1
11	1.0	0.10 0.10 0.75 0.60 0.50 0.30
190	1
10	1.0	0.10 0.10 1.00 0.70 0.50 0.20
191	1
10	1.0	0.10 0.10 1.00 0.70 0.50 0.20
192	1
10	1.0	0.10 0.10 1.00 0.70 0.50 0.20
193	1
10	1.0	0.10 0.10 1.00 0.70 0.50 0.20
194	1
7	1.0	0.10 0.10 1.00 0.65 1.00 0.25
195	1
11	1.0	0.10 0.10 0.75 0.60 0.50 0.30
