1	1	35.005	117.405	0.35	0.3	25	0.6	2	20.32	29.0	29.0	241.92	101.088	101.088	-99	-99	-99	20	30	50	30	0.1	0.3	0.85	-99	4	13.5	9.8	9.8	-99	-99	-99	1600	1570	1570	2685	2685	2685	8	0.251422	0.297002	0.297002	0.143654	0.182589	0.182589	0.001	0.0005	500	0.027	0.027	0.027	0
1	2	35.005	117.415	0.35	0.3	25	0.6	2	20.32	29.0	29.0	241.92	101.088	101.088	-99	-99	-99	20	30	50	4	0.1	0.3	0.85	-99	4	13.5	9.8	9.8	-99	-99	-99	1600	1570	1570	2685	2685	2685	8	0.251422	0.297002	0.297002	0.143654	0.182589	0.182589	0.001	0.0005	500	0.027	0.027	0.027	0
1	3	35.005	117.425	0.35	0.3	25	0.6	2	13.6	13.6	13.6	271.296	158.976	158.976	-99	-99	-99	20	30	50	38	0.1	0.3	0.85	-99	4	35.5	35.5	35.5	-99	-99	-99	1490	1490	1490	2685	2685	2685	8	0.262996	0.285398	0.285398	0.135116	0.155331	0.155331	0.001	0.0005	500	0.027	0.027	0.027	0
1	4	35.005	117.435	0.35	0.3	25	0.6	2	13.6	13.6	13.6	271.296	158.976	158.976	-99	-99	-99	20	30	50	27	0.1	0.3	0.85	-99	4	35.5	35.5	35.5	-99	-99	-99	1490	1490	1490	2685	2685	2685	8	0.262996	0.285398	0.285398	0.135116	0.155331	0.155331	0.001	0.0005	500	0.027	0.027	0.027	0
1	5	35.005	117.445	0.35	0.3	25	0.6	2	13.6	13.6	13.6	271.296	158.976	158.976	-99	-99	-99	20	30	50	27	0.1	0.3	0.85	-99	4	35.5	35.5	35.5	-99	-99	-99	1490	1490	1490	2685	2685	2685	8	0.262996	0.285398	0.285398	0.135116	0.155331	0.155331	0.001	0.0005	500	0.027	0.027	0.027	0
1	6	35.005	117.455	0.35	0.3	25	0.6	2	20.32	29.0	29.0	241.92	101.088	101.088	-99	-99	-99	20	30	50	27	0.1	0.3	0.85	-99	4	13.5	9.8	9.8	-99	-99	-99	1600	1570	1570	2685	2685	2685	8	0.251422	0.297002	0.297002	0.143654	0.182589	0.182589	0.001	0.0005	500	0.027	0.027	0.027	0
1	7	35.005	117.565	0.35	0.3	25	0.6	2	13.6	13.6	13.6	271.296	158.976	158.976	-99	-99	-99	20	30	50	0	0.1	0.3	0.85	-99	4	35.5	35.5	35.5	-99	-99	-99	1490	1490	1490	2685	2685	2685	8	0.262996	0.285398	0.285398	0.135116	0.155331	0.155331	0.001	0.0005	500	0.027	0.027	0.027	0
1	8	35.015	117.405	0.35	0.3	25	0.6	2	20.32	29.0	29.0	241.92	101.088	101.088	-99	-99	-99	20	30	50	13	0.1	0.3	0.85	-99	4	13.5	9.8	9.8	-99	-99	-99	1600	1570	1570	2685	2685	2685	8	0.251422	0.297002	0.297002	0.143654	0.182589	0.182589	0.001	0.0005	500	0.027	0.027	0.027	0
1	9	35.015	117.415	0.35	0.3	25	0.6	2	20.32	29.0	29.0	241.92	101.088	101.088	-99	-99	-99	20	30	50	248	0.1	0.3	0.85	-99	4	13.5	9.8	9.8	-99	-99	-99	1600	1570	1570	2685	2685	2685	8	0.251422	0.297002	0.297002	0.143654	0.182589	0.182589	0.001	0.0005	500	0.027	0.027	0.027	0
1	10	35.015	117.425	0.35	0.3	25	0.6	2	20.32	29.0	29.0	241.92	101.088	101.088	-99	-99	-99	20	30	50	26	0.1	0.3	0.85	-99	4	13.5	9.8	9.8	-99	-99	-99	1600	1570	1570	2685	2685	2685	8	0.251422	0.297002	0.297002	0.143654	0.182589	0.182589	0.001	0.0005	500	0.027	0.027	0.027	0
1	11	35.015	117.435	0.35	0.3	25	0.6	2	13.6	13.6	13.6	271.296	158.976	158.976	-99	-99	-99	20	30	50	105	0.1	0.3	0.85	-99	4	35.5	35.5	35.5	-99	-99	-99	1490	1490	1490	2685	2685	2685	8	0.262996	0.285398	0.285398	0.135116	0.155331	0.155331	0.001	0.0005	500	0.027	0.027	0.027	0
1	12	35.015	117.445	0.35	0.3	25	0.6	2	13.6	13.6	13.6	271.296	158.976	158.976	-99	-99	-99	20	30	50	105	0.1	0.3	0.85	-99	4	35.5	35.5	35.5	-99	-99	-99	1490	1490	1490	2685	2685	2685	8	0.262996	0.285398	0.285398	0.135116	0.155331	0.155331	0.001	0.0005	500	0.027	0.027	0.027	0
1	13	35.015	117.455	0.35	0.3	25	0.6	2	13.6	13.6	13.6	271.296	158.976	158.976	-99	-99	-99	20	30	50	105	0.1	0.3	0.85	-99	4	35.5	35.5	35.5	-99	-99	-99	1490	1490	1490	2685	2685	2685	8	0.262996	0.285398	0.285398	0.135116	0.155331	0.155331	0.001	0.0005	500	0.027	0.027	0.027	0
1	14	35.015	117.465	0.35	0.3	25	0.6	2	20.32	29.0	29.0	241.92	101.088	101.088	-99	-99	-99	20	30	50	0	0.1	0.3	0.85	-99	4	13.5	9.8	9.8	-99	-99	-99	1600	1570	1570	2685	2685	2685	8	0.251422	0.297002	0.297002	0.143654	0.182589	0.182589	0.001	0.0005	500	0.027	0.027	0.027	0
1	15	35.015	117.505	0.35	0.3	25	0.6	2	20.32	29.0	29.0	241.92	101.088	101.088	-99	-99	-99	20	30	50	0	0.1	0.3	0.85	-99	4	13.5	9.8	9.8	-99	-99	-99	1600	1570	1570	2685	2685	2685	8	0.251422	0.297002	0.297002	0.143654	0.182589	0.182589	0.001	0.0005	500	0.027	0.027	0.027	0
1	16	35.015	117.515	0.35	0.3	25	0.6	2	20.32	29.0	29.0	241.92	101.088	101.088	-99	-99	-99	20	30	50	0	0.1	0.3	0.85	-99	4	13.5	9.8	9.8	-99	-99	-99	1600	1570	1570	2685	2685	2685	8	0.251422	0.297002	0.297002	0.143654	0.182589	0.182589	0.001	0.0005	500	0.027	0.027	0.027	0
1	17	35.015	117.535	0.35	0.3	25	0.6	2	13.6	13.6	13.6	271.296	158.976	158.976	-99	-99	-99	20	30	50	0	0.1	0.3	0.85	-99	4	35.5	35.5	35.5	-99	-99	-99	1490	1490	1490	2685	2685	2685	8	0.262996	0.285398	0.285398	0.135116	0.155331	0.155331	0.001	0.0005	500	0.027	0.027	0.027	0
1	18	35.015	117.545	0.35	0.3	25	0.6	2	20.32	29.0	29.0	241.92	101.088	101.088	-99	-99	-99	20	30	50	63	0.1	0.3	0.85	-99	4	13.5	9.8	9.8	-99	-99	-99	1600	1570	1570	2685	2685	2685	8	0.251422	0.297002	0.297002	0.143654	0.182589	0.182589	0.001	0.0005	500	0.027	0.027	0.027	0
1	19	35.015	117.555	0.35	0.3	25	0.6	2	13.6	13.6	13.6	271.296	158.976	158.976	-99	-99	-99	20	30	50	63	0.1	0.3	0.85	-99	4	35.5	35.5	35.5	-99	-99	-99	1490	1490	1490	2685	2685	2685	8	0.262996	0.285398	0.285398	0.135116	0.155331	0.155331	0.001	0.0005	500	0.027	0.027	0.027	0
1	20	35.015	117.565	0.35	0.3	25	0.6	2	20.32	29.0	29.0	241.92	101.088	101.088	-99	-99	-99	20	30	50	58	0.1	0.3	0.85	-99	4	13.5	9.8	9.8	-99	-99	-99	1600	1570	1570	2685	2685	2685	8	0.251422	0.297002	0.297002	0.143654	0.182589	0.182589	0.001	0.0005	500	0.027	0.027	0.027	0
1	21	35.015	117.575	0.35	0.3	25	0.6	2	13.6	13.6	13.6	271.296	158.976	158.976	-99	-99	-99	20	30	50	56	0.1	0.3	0.85	-99	4	35.5	35.5	35.5	-99	-99	-99	1490	1490	1490	2685	2685	2685	8	0.262996	0.285398	0.285398	0.135116	0.155331	0.155331	0.001	0.0005	500	0.027	0.027	0.027	0
1	22	35.015	117.585	0.35	0.3	25	0.6	2	13.6	13.6	13.6	271.296	158.976	158.976	-99	-99	-99	20	30	50	0	0.1	0.3	0.85	-99	4	35.5	35.5	35.5	-99	-99	-99	1490	1490	1490	2685	2685	2685	8	0.262996	0.285398	0.285398	0.135116	0.155331	0.155331	0.001	0.0005	500	0.027	0.027	0.027	0
1	23	35.025	117.405	0.35	0.3	25	0.6	2	20.32	29.0	29.0	241.92	101.088	101.088	-99	-99	-99	20	30	50	0	0.1	0.3	0.85	-99	4	13.5	9.8	9.8	-99	-99	-99	1600	1570	1570	2685	2685	2685	8	0.251422	0.297002	0.297002	0.143654	0.182589	0.182589	0.001	0.0005	500	0.027	0.027	0.027	0
1	24	35.025	117.415	0.35	0.3	25	0.6	2	20.32	29.0	29.0	241.92	101.088	101.088	-99	-99	-99	20	30	50	123	0.1	0.3	0.85	-99	4	13.5	9.8	9.8	-99	-99	-99	1600	1570	1570	2685	2685	2685	8	0.251422	0.297002	0.297002	0.143654	0.182589	0.182589	0.001	0.0005	500	0.027	0.027	0.027	0
1	25	35.025	117.425	0.35	0.3	25	0.6	2	13.6	13.6	13.6	271.296	158.976	158.976	-99	-99	-99	20	30	50	123	0.1	0.3	0.85	-99	4	35.5	35.5	35.5	-99	-99	-99	1490	1490	1490	2685	2685	2685	8	0.262996	0.285398	0.285398	0.135116	0.155331	0.155331	0.001	0.0005	500	0.027	0.027	0.027	0
1	26	35.025	117.435	0.35	0.3	25	0.6	2	13.6	13.6	13.6	271.296	158.976	158.976	-99	-99	-99	20	30	50	0	0.1	0.3	0.85	-99	4	35.5	35.5	35.5	-99	-99	-99	1490	1490	1490	2685	2685	2685	8	0.262996	0.285398	0.285398	0.135116	0.155331	0.155331	0.001	0.0005	500	0.027	0.027	0.027	0
1	27	35.025	117.445	0.35	0.3	25	0.6	2	13.6	13.6	13.6	271.296	158.976	158.976	-99	-99	-99	20	30	50	244	0.1	0.3	0.85	-99	4	35.5	35.5	35.5	-99	-99	-99	1490	1490	1490	2685	2685	2685	8	0.262996	0.285398	0.285398	0.135116	0.155331	0.155331	0.001	0.0005	500	0.027	0.027	0.027	0
1	28	35.025	117.455	0.35	0.3	25	0.6	2	13.6	13.6	13.6	271.296	158.976	158.976	-99	-99	-99	20	30	50	243	0.1	0.3	0.85	-99	4	35.5	35.5	35.5	-99	-99	-99	1490	1490	1490	2685	2685	2685	8	0.262996	0.285398	0.285398	0.135116	0.155331	0.155331	0.001	0.0005	500	0.027	0.027	0.027	0
1	29	35.025	117.465	0.35	0.3	25	0.6	2	13.6	13.6	13.6	271.296	158.976	158.976	-99	-99	-99	20	30	50	11	0.1	0.3	0.85	-99	4	35.5	35.5	35.5	-99	-99	-99	1490	1490	1490	2685	2685	2685	8	0.262996	0.285398	0.285398	0.135116	0.155331	0.155331	0.001	0.0005	500	0.027	0.027	0.027	0
1	30	35.025	117.475	0.35	0.3	25	0.6	2	13.6	13.6	13.6	271.296	158.976	158.976	-99	-99	-99	20	30	50	0	0.1	0.3	0.85	-99	4	35.5	35.5	35.5	-99	-99	-99	1490	1490	1490	2685	2685	2685	8	0.262996	0.285398	0.285398	0.135116	0.155331	0.155331	0.001	0.0005	500	0.027	0.027	0.027	0
1	31	35.025	117.485	0.35	0.3	25	0.6	2	13.6	13.6	13.6	271.296	158.976	158.976	-99	-99	-99	20	30	50	0	0.1	0.3	0.85	-99	4	35.5	35.5	35.5	-99	-99	-99	1490	1490	1490	2685	2685	2685	8	0.262996	0.285398	0.285398	0.135116	0.155331	0.155331	0.001	0.0005	500	0.027	0.027	0.027	0
1	32	35.025	117.495	0.35	0.3	25	0.6	2	13.6	13.6	13.6	271.296	158.976	158.976	-99	-99	-99	20	30	50	0	0.1	0.3	0.85	-99	4	35.5	35.5	35.5	-99	-99	-99	1490	1490	1490	2685	2685	2685	8	0.262996	0.285398	0.285398	0.135116	0.155331	0.155331	0.001	0.0005	500	0.027	0.027	0.027	0
1	33	35.025	117.505	0.35	0.3	25	0.6	2	13.6	13.6	13.6	271.296	158.976	158.976	-99	-99	-99	20	30	50	228	0.1	0.3	0.85	-99	4	35.5	35.5	35.5	-99	-99	-99	1490	1490	1490	2685	2685	2685	8	0.262996	0.285398	0.285398	0.135116	0.155331	0.155331	0.001	0.0005	500	0.027	0.027	0.027	0
1	34	35.025	117.515	0.35	0.3	25	0.6	2	13.6	13.6	13.6	271.296	158.976	158.976	-99	-99	-99	20	30	50	232	0.1	0.3	0.85	-99	4	35.5	35.5	35.5	-99	-99	-99	1490	1490	1490	2685	2685	2685	8	0.262996	0.285398	0.285398	0.135116	0.155331	0.155331	0.001	0.0005	500	0.027	0.027	0.027	0
1	35	35.025	117.525	0.35	0.3	25	0.6	2	13.6	13.6	13.6	271.296	158.976	158.976	-99	-99	-99	20	30	50	0	0.1	0.3	0.85	-99	4	35.5	35.5	35.5	-99	-99	-99	1490	1490	1490	2685	2685	2685	8	0.262996	0.285398	0.285398	0.135116	0.155331	0.155331	0.001	0.0005	500	0.027	0.027	0.027	0
1	36	35.025	117.535	0.35	0.3	25	0.6	2	13.6	13.6	13.6	271.296	158.976	158.976	-99	-99	-99	20	30	50	20	0.1	0.3	0.85	-99	4	35.5	35.5	35.5	-99	-99	-99	1490	1490	1490	2685	2685	2685	8	0.262996	0.285398	0.285398	0.135116	0.155331	0.155331	0.001	0.0005	500	0.027	0.027	0.027	0
1	37	35.025	117.545	0.35	0.3	25	0.6	2	13.6	13.6	13.6	271.296	158.976	158.976	-99	-99	-99	20	30	50	116	0.1	0.3	0.85	-99	4	35.5	35.5	35.5	-99	-99	-99	1490	1490	1490	2685	2685	2685	8	0.262996	0.285398	0.285398	0.135116	0.155331	0.155331	0.001	0.0005	500	0.027	0.027	0.027	0
1	38	35.025	117.555	0.35	0.3	25	0.6	2	13.6	13.6	13.6	271.296	158.976	158.976	-99	-99	-99	20	30	50	6	0.1	0.3	0.85	-99	4	35.5	35.5	35.5	-99	-99	-99	1490	1490	1490	2685	2685	2685	8	0.262996	0.285398	0.285398	0.135116	0.155331	0.155331	0.001	0.0005	500	0.027	0.027	0.027	0
1	39	35.025	117.565	0.35	0.3	25	0.6	2	13.6	13.6	13.6	271.296	158.976	158.976	-99	-99	-99	20	30	50	58	0.1	0.3	0.85	-99	4	35.5	35.5	35.5	-99	-99	-99	1490	1490	1490	2685	2685	2685	8	0.262996	0.285398	0.285398	0.135116	0.155331	0.155331	0.001	0.0005	500	0.027	0.027	0.027	0
1	40	35.025	117.575	0.35	0.3	25	0.6	2	13.6	13.6	13.6	271.296	158.976	158.976	-99	-99	-99	20	30	50	56	0.1	0.3	0.85	-99	4	35.5	35.5	35.5	-99	-99	-99	1490	1490	1490	2685	2685	2685	8	0.262996	0.285398	0.285398	0.135116	0.155331	0.155331	0.001	0.0005	500	0.027	0.027	0.027	0
1	41	35.025	117.585	0.35	0.3	25	0.6	2	13.6	13.6	13.6	271.296	158.976	158.976	-99	-99	-99	20	30	50	56	0.1	0.3	0.85	-99	4	35.5	35.5	35.5	-99	-99	-99	1490	1490	1490	2685	2685	2685	8	0.262996	0.285398	0.285398	0.135116	0.155331	0.155331	0.001	0.0005	500	0.027	0.027	0.027	0
1	42	35.025	117.595	0.35	0.3	25	0.6	2	13.6	13.6	13.6	271.296	158.976	158.976	-99	-99	-99	20	30	50	14	0.1	0.3	0.85	-99	4	35.5	35.5	35.5	-99	-99	-99	1490	1490	1490	2685	2685	2685	8	0.262996	0.285398	0.285398	0.135116	0.155331	0.155331	0.001	0.0005	500	0.027	0.027	0.027	0
1	43	35.025	117.605	0.35	0.3	25	0.6	2	20.32	29.0	29.0	241.92	101.088	101.088	-99	-99	-99	20	30	50	60	0.1	0.3	0.85	-99	4	13.5	9.8	9.8	-99	-99	-99	1600	1570	1570	2685	2685	2685	8	0.251422	0.297002	0.297002	0.143654	0.182589	0.182589	0.001	0.0005	500	0.027	0.027	0.027	0
1	44	35.025	117.615	0.35	0.3	25	0.6	2	20.32	29.0	29.0	241.92	101.088	101.088	-99	-99	-99	20	30	50	0	0.1	0.3	0.85	-99	4	13.5	9.8	9.8	-99	-99	-99	1600	1570	1570	2685	2685	2685	8	0.251422	0.297002	0.297002	0.143654	0.182589	0.182589	0.001	0.0005	500	0.027	0.027	0.027	0
1	45	35.035	117.415	0.35	0.3	25	0.6	2	13.6	13.6	13.6	223.776	164.16	164.16	-99	-99	-99	20	30	50	0	0.1	0.3	0.85	-99	4	35.5	35.5	35.5	-99	-99	-99	1490	1490	1490	2685	2685	2685	8	0.277399	0.286764	0.286764	0.134416	0.143772	0.143772	0.001	0.0005	500	0.027	0.027	0.027	0
1	46	35.035	117.425	0.35	0.3	25	0.6	2	13.6	13.6	13.6	223.776	164.16	164.16	-99	-99	-99	20	30	50	0	0.1	0.3	0.85	-99	4	35.5	35.5	35.5	-99	-99	-99	1490	1490	1490	2685	2685	2685	8	0.277399	0.286764	0.286764	0.134416	0.143772	0.143772	0.001	0.0005	500	0.027	0.027	0.027	0
1	47	35.035	117.435	0.35	0.3	25	0.6	2	13.6	13.6	13.6	260.064	245.376	245.376	-99	-99	-99	20	30	50	0	0.1	0.3	0.85	-99	4	35.5	35.5	35.5	-99	-99	-99	1490	1490	1490	2685	2685	2685	8	0.267465	0.259194	0.259194	0.117035	0.114739	0.114739	0.001	0.0005	500	0.027	0.027	0.027	0
1	48	35.035	117.445	0.35	0.3	25	0.6	2	20.32	29.0	29.0	241.92	101.088	101.088	-99	-99	-99	20	30	50	47	0.1	0.3	0.85	-99	4	13.5	9.8	9.8	-99	-99	-99	1600	1570	1570	2685	2685	2685	8	0.251422	0.297002	0.297002	0.143654	0.182589	0.182589	0.001	0.0005	500	0.027	0.027	0.027	0
1	49	35.035	117.455	0.35	0.3	25	0.6	2	20.32	29.0	29.0	241.92	101.088	101.088	-99	-99	-99	20	30	50	115	0.1	0.3	0.85	-99	4	13.5	9.8	9.8	-99	-99	-99	1600	1570	1570	2685	2685	2685	8	0.251422	0.297002	0.297002	0.143654	0.182589	0.182589	0.001	0.0005	500	0.027	0.027	0.027	0
1	50	35.035	117.465	0.35	0.3	25	0.6	2	13.6	13.6	13.6	271.296	158.976	158.976	-99	-99	-99	20	30	50	241	0.1	0.3	0.85	-99	4	35.5	35.5	35.5	-99	-99	-99	1490	1490	1490	2685	2685	2685	8	0.262996	0.285398	0.285398	0.135116	0.155331	0.155331	0.001	0.0005	500	0.027	0.027	0.027	0
1	51	35.035	117.475	0.35	0.3	25	0.6	2	13.6	13.6	13.6	271.296	158.976	158.976	-99	-99	-99	20	30	50	242	0.1	0.3	0.85	-99	4	35.5	35.5	35.5	-99	-99	-99	1490	1490	1490	2685	2685	2685	8	0.262996	0.285398	0.285398	0.135116	0.155331	0.155331	0.001	0.0005	500	0.027	0.027	0.027	0
1	52	35.035	117.485	0.35	0.3	25	0.6	2	13.6	13.6	13.6	271.296	158.976	158.976	-99	-99	-99	20	30	50	130	0.1	0.3	0.85	-99	4	35.5	35.5	35.5	-99	-99	-99	1490	1490	1490	2685	2685	2685	8	0.262996	0.285398	0.285398	0.135116	0.155331	0.155331	0.001	0.0005	500	0.027	0.027	0.027	0
1	53	35.035	117.495	0.35	0.3	25	0.6	2	13.6	13.6	13.6	271.296	158.976	158.976	-99	-99	-99	20	30	50	35	0.1	0.3	0.85	-99	4	35.5	35.5	35.5	-99	-99	-99	1490	1490	1490	2685	2685	2685	8	0.262996	0.285398	0.285398	0.135116	0.155331	0.155331	0.001	0.0005	500	0.027	0.027	0.027	0
1	54	35.035	117.505	0.35	0.3	25	0.6	2	13.6	13.6	13.6	271.296	158.976	158.976	-99	-99	-99	20	30	50	228	0.1	0.3	0.85	-99	4	35.5	35.5	35.5	-99	-99	-99	1490	1490	1490	2685	2685	2685	8	0.262996	0.285398	0.285398	0.135116	0.155331	0.155331	0.001	0.0005	500	0.027	0.027	0.027	0
1	55	35.035	117.515	0.35	0.3	25	0.6	2	13.6	13.6	13.6	271.296	158.976	158.976	-99	-99	-99	20	30	50	232	0.1	0.3	0.85	-99	4	35.5	35.5	35.5	-99	-99	-99	1490	1490	1490	2685	2685	2685	8	0.262996	0.285398	0.285398	0.135116	0.155331	0.155331	0.001	0.0005	500	0.027	0.027	0.027	0
1	56	35.035	117.525	0.35	0.3	25	0.6	2	13.6	13.6	13.6	271.296	158.976	158.976	-99	-99	-99	20	30	50	125	0.1	0.3	0.85	-99	4	35.5	35.5	35.5	-99	-99	-99	1490	1490	1490	2685	2685	2685	8	0.262996	0.285398	0.285398	0.135116	0.155331	0.155331	0.001	0.0005	500	0.027	0.027	0.027	0
1	57	35.035	117.535	0.35	0.3	25	0.6	2	13.6	13.6	13.6	271.296	158.976	158.976	-99	-99	-99	20	30	50	229	0.1	0.3	0.85	-99	4	35.5	35.5	35.5	-99	-99	-99	1490	1490	1490	2685	2685	2685	8	0.262996	0.285398	0.285398	0.135116	0.155331	0.155331	0.001	0.0005	500	0.027	0.027	0.027	0
1	58	35.035	117.545	0.35	0.3	25	0.6	2	20.32	29.0	29.0	241.92	101.088	101.088	-99	-99	-99	20	30	50	74	0.1	0.3	0.85	-99	4	13.5	9.8	9.8	-99	-99	-99	1600	1570	1570	2685	2685	2685	8	0.251422	0.297002	0.297002	0.143654	0.182589	0.182589	0.001	0.0005	500	0.027	0.027	0.027	0
1	59	35.035	117.555	0.35	0.3	25	0.6	2	20.32	29.0	29.0	241.92	101.088	101.088	-99	-99	-99	20	30	50	103	0.1	0.3	0.85	-99	4	13.5	9.8	9.8	-99	-99	-99	1600	1570	1570	2685	2685	2685	8	0.251422	0.297002	0.297002	0.143654	0.182589	0.182589	0.001	0.0005	500	0.027	0.027	0.027	0
1	60	35.035	117.565	0.35	0.3	25	0.6	2	13.6	13.6	13.6	271.296	158.976	158.976	-99	-99	-99	20	30	50	224	0.1	0.3	0.85	-99	4	35.5	35.5	35.5	-99	-99	-99	1490	1490	1490	2685	2685	2685	8	0.262996	0.285398	0.285398	0.135116	0.155331	0.155331	0.001	0.0005	500	0.027	0.027	0.027	0
1	61	35.035	117.575	0.35	0.3	25	0.6	2	13.6	13.6	13.6	271.296	158.976	158.976	-99	-99	-99	20	30	50	148	0.1	0.3	0.85	-99	4	35.5	35.5	35.5	-99	-99	-99	1490	1490	1490	2685	2685	2685	8	0.262996	0.285398	0.285398	0.135116	0.155331	0.155331	0.001	0.0005	500	0.027	0.027	0.027	0
1	62	35.035	117.585	0.35	0.3	25	0.6	2	13.6	13.6	13.6	271.296	158.976	158.976	-99	-99	-99	20	30	50	141	0.1	0.3	0.85	-99	4	35.5	35.5	35.5	-99	-99	-99	1490	1490	1490	2685	2685	2685	8	0.262996	0.285398	0.285398	0.135116	0.155331	0.155331	0.001	0.0005	500	0.027	0.027	0.027	0
1	63	35.035	117.595	0.35	0.3	25	0.6	2	13.6	13.6	13.6	271.296	158.976	158.976	-99	-99	-99	20	30	50	139	0.1	0.3	0.85	-99	4	35.5	35.5	35.5	-99	-99	-99	1490	1490	1490	2685	2685	2685	8	0.262996	0.285398	0.285398	0.135116	0.155331	0.155331	0.001	0.0005	500	0.027	0.027	0.027	0
1	64	35.035	117.605	0.35	0.3	25	0.6	2	13.6	13.6	13.6	271.296	158.976	158.976	-99	-99	-99	20	30	50	140	0.1	0.3	0.85	-99	4	35.5	35.5	35.5	-99	-99	-99	1490	1490	1490	2685	2685	2685	8	0.262996	0.285398	0.285398	0.135116	0.155331	0.155331	0.001	0.0005	500	0.027	0.027	0.027	0
1	65	35.035	117.615	0.35	0.3	25	0.6	2	13.6	13.6	13.6	271.296	158.976	158.976	-99	-99	-99	20	30	50	147	0.1	0.3	0.85	-99	4	35.5	35.5	35.5	-99	-99	-99	1490	1490	1490	2685	2685	2685	8	0.262996	0.285398	0.285398	0.135116	0.155331	0.155331	0.001	0.0005	500	0.027	0.027	0.027	0
1	66	35.035	117.625	0.35	0.3	25	0.6	2	13.6	13.6	13.6	271.296	158.976	158.976	-99	-99	-99	20	30	50	250	0.1	0.3	0.85	-99	4	35.5	35.5	35.5	-99	-99	-99	1490	1490	1490	2685	2685	2685	8	0.262996	0.285398	0.285398	0.135116	0.155331	0.155331	0.001	0.0005	500	0.027	0.027	0.027	0
1	67	35.035	117.635	0.35	0.3	25	0.6	2	20.32	29.0	29.0	241.92	101.088	101.088	-99	-99	-99	20	30	50	0	0.1	0.3	0.85	-99	4	13.5	9.8	9.8	-99	-99	-99	1600	1570	1570	2685	2685	2685	8	0.251422	0.297002	0.297002	0.143654	0.182589	0.182589	0.001	0.0005	500	0.027	0.027	0.027	0
1	68	35.045	117.435	0.35	0.3	25	0.6	2	13.6	13.6	13.6	271.296	158.976	158.976	-99	-99	-99	20	30	50	0	0.1	0.3	0.85	-99	4	35.5	35.5	35.5	-99	-99	-99	1490	1490	1490	2685	2685	2685	8	0.262996	0.285398	0.285398	0.135116	0.155331	0.155331	0.001	0.0005	500	0.027	0.027	0.027	0
1	69	35.045	117.445	0.35	0.3	25	0.6	2	20.32	29.0	29.0	241.92	101.088	101.088	-99	-99	-99	20	30	50	47	0.1	0.3	0.85	-99	4	13.5	9.8	9.8	-99	-99	-99	1600	1570	1570	2685	2685	2685	8	0.251422	0.297002	0.297002	0.143654	0.182589	0.182589	0.001	0.0005	500	0.027	0.027	0.027	0
1	70	35.045	117.455	0.35	0.3	25	0.6	2	20.32	29.0	29.0	241.92	101.088	101.088	-99	-99	-99	20	30	50	95	0.1	0.3	0.85	-99	4	13.5	9.8	9.8	-99	-99	-99	1600	1570	1570	2685	2685	2685	8	0.251422	0.297002	0.297002	0.143654	0.182589	0.182589	0.001	0.0005	500	0.027	0.027	0.027	0
1	71	35.045	117.465	0.35	0.3	25	0.6	2	20.32	29.0	29.0	241.92	101.088	101.088	-99	-99	-99	20	30	50	240	0.1	0.3	0.85	-99	4	13.5	9.8	9.8	-99	-99	-99	1600	1570	1570	2685	2685	2685	8	0.251422	0.297002	0.297002	0.143654	0.182589	0.182589	0.001	0.0005	500	0.027	0.027	0.027	0
1	72	35.045	117.475	0.35	0.3	25	0.6	2	13.6	13.6	13.6	271.296	158.976	158.976	-99	-99	-99	20	30	50	9	0.1	0.3	0.85	-99	4	35.5	35.5	35.5	-99	-99	-99	1490	1490	1490	2685	2685	2685	8	0.262996	0.285398	0.285398	0.135116	0.155331	0.155331	0.001	0.0005	500	0.027	0.027	0.027	0
1	73	35.045	117.485	0.35	0.3	25	0.6	2	13.6	13.6	13.6	271.296	158.976	158.976	-99	-99	-99	20	30	50	17	0.1	0.3	0.85	-99	4	35.5	35.5	35.5	-99	-99	-99	1490	1490	1490	2685	2685	2685	8	0.262996	0.285398	0.285398	0.135116	0.155331	0.155331	0.001	0.0005	500	0.027	0.027	0.027	0
1	74	35.045	117.495	0.35	0.3	25	0.6	2	13.6	13.6	13.6	271.296	158.976	158.976	-99	-99	-99	20	30	50	100	0.1	0.3	0.85	-99	4	35.5	35.5	35.5	-99	-99	-99	1490	1490	1490	2685	2685	2685	8	0.262996	0.285398	0.285398	0.135116	0.155331	0.155331	0.001	0.0005	500	0.027	0.027	0.027	0
1	75	35.045	117.505	0.35	0.3	25	0.6	2	20.32	29.0	29.0	241.92	101.088	101.088	-99	-99	-99	20	30	50	5	0.1	0.3	0.85	-99	4	13.5	9.8	9.8	-99	-99	-99	1600	1570	1570	2685	2685	2685	8	0.251422	0.297002	0.297002	0.143654	0.182589	0.182589	0.001	0.0005	500	0.027	0.027	0.027	0
1	76	35.045	117.515	0.35	0.3	25	0.6	2	20.32	29.0	29.0	241.92	101.088	101.088	-99	-99	-99	20	30	50	71	0.1	0.3	0.85	-99	4	13.5	9.8	9.8	-99	-99	-99	1600	1570	1570	2685	2685	2685	8	0.251422	0.297002	0.297002	0.143654	0.182589	0.182589	0.001	0.0005	500	0.027	0.027	0.027	0
1	77	35.045	117.525	0.35	0.3	25	0.6	2	20.32	29.0	29.0	241.92	101.088	101.088	-99	-99	-99	20	30	50	226	0.1	0.3	0.85	-99	4	13.5	9.8	9.8	-99	-99	-99	1600	1570	1570	2685	2685	2685	8	0.251422	0.297002	0.297002	0.143654	0.182589	0.182589	0.001	0.0005	500	0.027	0.027	0.027	0
1	78	35.045	117.535	0.35	0.3	25	0.6	2	20.32	29.0	29.0	241.92	101.088	101.088	-99	-99	-99	20	30	50	236	0.1	0.3	0.85	-99	4	13.5	9.8	9.8	-99	-99	-99	1600	1570	1570	2685	2685	2685	8	0.251422	0.297002	0.297002	0.143654	0.182589	0.182589	0.001	0.0005	500	0.027	0.027	0.027	0
1	79	35.045	117.545	0.35	0.3	25	0.6	2	20.32	29.0	29.0	241.92	101.088	101.088	-99	-99	-99	20	30	50	227	0.1	0.3	0.85	-99	4	13.5	9.8	9.8	-99	-99	-99	1600	1570	1570	2685	2685	2685	8	0.251422	0.297002	0.297002	0.143654	0.182589	0.182589	0.001	0.0005	500	0.027	0.027	0.027	0
1	80	35.045	117.555	0.35	0.3	25	0.6	2	13.6	13.6	13.6	271.296	158.976	158.976	-99	-99	-99	20	30	50	122	0.1	0.3	0.85	-99	4	35.5	35.5	35.5	-99	-99	-99	1490	1490	1490	2685	2685	2685	8	0.262996	0.285398	0.285398	0.135116	0.155331	0.155331	0.001	0.0005	500	0.027	0.027	0.027	0
1	81	35.045	117.565	0.35	0.3	25	0.6	2	13.6	13.6	13.6	271.296	158.976	158.976	-99	-99	-99	20	30	50	108	0.1	0.3	0.85	-99	4	35.5	35.5	35.5	-99	-99	-99	1490	1490	1490	2685	2685	2685	8	0.262996	0.285398	0.285398	0.135116	0.155331	0.155331	0.001	0.0005	500	0.027	0.027	0.027	0
1	82	35.045	117.575	0.35	0.3	25	0.6	2	13.6	13.6	13.6	223.776	164.16	164.16	-99	-99	-99	20	30	50	253	0.1	0.3	0.85	-99	4	35.5	35.5	35.5	-99	-99	-99	1490	1490	1490	2685	2685	2685	8	0.277399	0.286764	0.286764	0.134416	0.143772	0.143772	0.001	0.0005	500	0.027	0.027	0.027	0
1	83	35.045	117.585	0.35	0.3	25	0.6	2	13.6	13.6	13.6	223.776	164.16	164.16	-99	-99	-99	20	30	50	66	0.1	0.3	0.85	-99	4	35.5	35.5	35.5	-99	-99	-99	1490	1490	1490	2685	2685	2685	8	0.277399	0.286764	0.286764	0.134416	0.143772	0.143772	0.001	0.0005	500	0.027	0.027	0.027	0
1	84	35.045	117.595	0.35	0.3	25	0.6	2	13.6	13.6	13.6	223.776	164.16	164.16	-99	-99	-99	20	30	50	155	0.1	0.3	0.85	-99	4	35.5	35.5	35.5	-99	-99	-99	1490	1490	1490	2685	2685	2685	8	0.277399	0.286764	0.286764	0.134416	0.143772	0.143772	0.001	0.0005	500	0.027	0.027	0.027	0
1	85	35.045	117.605	0.35	0.3	25	0.6	2	13.6	13.6	13.6	223.776	164.16	164.16	-99	-99	-99	20	30	50	156	0.1	0.3	0.85	-99	4	35.5	35.5	35.5	-99	-99	-99	1490	1490	1490	2685	2685	2685	8	0.277399	0.286764	0.286764	0.134416	0.143772	0.143772	0.001	0.0005	500	0.027	0.027	0.027	0
1	86	35.045	117.615	0.35	0.3	25	0.6	2	13.6	13.6	13.6	223.776	164.16	164.16	-99	-99	-99	20	30	50	104	0.1	0.3	0.85	-99	4	35.5	35.5	35.5	-99	-99	-99	1490	1490	1490	2685	2685	2685	8	0.277399	0.286764	0.286764	0.134416	0.143772	0.143772	0.001	0.0005	500	0.027	0.027	0.027	0
1	87	35.045	117.625	0.35	0.3	25	0.6	2	13.6	13.6	13.6	271.296	158.976	158.976	-99	-99	-99	20	30	50	104	0.1	0.3	0.85	-99	4	35.5	35.5	35.5	-99	-99	-99	1490	1490	1490	2685	2685	2685	8	0.262996	0.285398	0.285398	0.135116	0.155331	0.155331	0.001	0.0005	500	0.027	0.027	0.027	0
1	88	35.045	117.635	0.35	0.3	25	0.6	2	13.6	13.6	13.6	271.296	158.976	158.976	-99	-99	-99	20	30	50	175	0.1	0.3	0.85	-99	4	35.5	35.5	35.5	-99	-99	-99	1490	1490	1490	2685	2685	2685	8	0.262996	0.285398	0.285398	0.135116	0.155331	0.155331	0.001	0.0005	500	0.027	0.027	0.027	0
1	89	35.055	117.445	0.35	0.3	25	0.6	2	13.6	13.6	13.6	271.296	158.976	158.976	-99	-99	-99	20	30	50	0	0.1	0.3	0.85	-99	4	35.5	35.5	35.5	-99	-99	-99	1490	1490	1490	2685	2685	2685	8	0.262996	0.285398	0.285398	0.135116	0.155331	0.155331	0.001	0.0005	500	0.027	0.027	0.027	0
1	90	35.055	117.455	0.35	0.3	25	0.6	2	13.6	13.6	13.6	271.296	158.976	158.976	-99	-99	-99	20	30	50	0	0.1	0.3	0.85	-99	4	35.5	35.5	35.5	-99	-99	-99	1490	1490	1490	2685	2685	2685	8	0.262996	0.285398	0.285398	0.135116	0.155331	0.155331	0.001	0.0005	500	0.027	0.027	0.027	0
1	91	35.055	117.465	0.35	0.3	25	0.6	2	13.6	13.6	13.6	271.296	158.976	158.976	-99	-99	-99	20	30	50	73	0.1	0.3	0.85	-99	4	35.5	35.5	35.5	-99	-99	-99	1490	1490	1490	2685	2685	2685	8	0.262996	0.285398	0.285398	0.135116	0.155331	0.155331	0.001	0.0005	500	0.027	0.027	0.027	0
1	92	35.055	117.475	0.35	0.3	25	0.6	2	20.32	29.0	29.0	241.92	101.088	101.088	-99	-99	-99	20	30	50	50	0.1	0.3	0.85	-99	4	13.5	9.8	9.8	-99	-99	-99	1600	1570	1570	2685	2685	2685	8	0.251422	0.297002	0.297002	0.143654	0.182589	0.182589	0.001	0.0005	500	0.027	0.027	0.027	0
1	93	35.055	117.485	0.35	0.3	25	0.6	2	20.32	29.0	29.0	241.92	101.088	101.088	-99	-99	-99	20	30	50	17	0.1	0.3	0.85	-99	4	13.5	9.8	9.8	-99	-99	-99	1600	1570	1570	2685	2685	2685	8	0.251422	0.297002	0.297002	0.143654	0.182589	0.182589	0.001	0.0005	500	0.027	0.027	0.027	0
1	94	35.055	117.495	0.35	0.3	25	0.6	2	20.32	29.0	29.0	241.92	101.088	101.088	-99	-99	-99	20	30	50	39	0.1	0.3	0.85	-99	4	13.5	9.8	9.8	-99	-99	-99	1600	1570	1570	2685	2685	2685	8	0.251422	0.297002	0.297002	0.143654	0.182589	0.182589	0.001	0.0005	500	0.027	0.027	0.027	0
1	95	35.055	117.505	0.35	0.3	25	0.6	2	20.32	29.0	29.0	241.92	101.088	101.088	-99	-99	-99	20	30	50	151	0.1	0.3	0.85	-99	4	13.5	9.8	9.8	-99	-99	-99	1600	1570	1570	2685	2685	2685	8	0.251422	0.297002	0.297002	0.143654	0.182589	0.182589	0.001	0.0005	500	0.027	0.027	0.027	0
1	96	35.055	117.515	0.35	0.3	25	0.6	2	20.32	29.0	29.0	241.92	101.088	101.088	-99	-99	-99	20	30	50	92	0.1	0.3	0.85	-99	4	13.5	9.8	9.8	-99	-99	-99	1600	1570	1570	2685	2685	2685	8	0.251422	0.297002	0.297002	0.143654	0.182589	0.182589	0.001	0.0005	500	0.027	0.027	0.027	0
1	97	35.055	117.525	0.35	0.3	25	0.6	2	13.6	13.6	13.6	271.296	158.976	158.976	-99	-99	-99	20	30	50	149	0.1	0.3	0.85	-99	4	35.5	35.5	35.5	-99	-99	-99	1490	1490	1490	2685	2685	2685	8	0.262996	0.285398	0.285398	0.135116	0.155331	0.155331	0.001	0.0005	500	0.027	0.027	0.027	0
1	98	35.055	117.535	0.35	0.3	25	0.6	2	13.6	13.6	13.6	271.296	158.976	158.976	-99	-99	-99	20	30	50	118	0.1	0.3	0.85	-99	4	35.5	35.5	35.5	-99	-99	-99	1490	1490	1490	2685	2685	2685	8	0.262996	0.285398	0.285398	0.135116	0.155331	0.155331	0.001	0.0005	500	0.027	0.027	0.027	0
1	99	35.055	117.545	0.35	0.3	25	0.6	2	13.6	13.6	13.6	271.296	158.976	158.976	-99	-99	-99	20	30	50	102	0.1	0.3	0.85	-99	4	35.5	35.5	35.5	-99	-99	-99	1490	1490	1490	2685	2685	2685	8	0.262996	0.285398	0.285398	0.135116	0.155331	0.155331	0.001	0.0005	500	0.027	0.027	0.027	0
1	100	35.055	117.555	0.35	0.3	25	0.6	2	13.6	13.6	13.6	271.296	158.976	158.976	-99	-99	-99	20	30	50	93	0.1	0.3	0.85	-99	4	35.5	35.5	35.5	-99	-99	-99	1490	1490	1490	2685	2685	2685	8	0.262996	0.285398	0.285398	0.135116	0.155331	0.155331	0.001	0.0005	500	0.027	0.027	0.027	0
1	101	35.055	117.565	0.35	0.3	25	0.6	2	13.6	13.6	13.6	271.296	158.976	158.976	-99	-99	-99	20	30	50	24	0.1	0.3	0.85	-99	4	35.5	35.5	35.5	-99	-99	-99	1490	1490	1490	2685	2685	2685	8	0.262996	0.285398	0.285398	0.135116	0.155331	0.155331	0.001	0.0005	500	0.027	0.027	0.027	0
1	102	35.055	117.575	0.35	0.3	25	0.6	2	13.6	13.6	13.6	271.296	158.976	158.976	-99	-99	-99	20	30	50	89	0.1	0.3	0.85	-99	4	35.5	35.5	35.5	-99	-99	-99	1490	1490	1490	2685	2685	2685	8	0.262996	0.285398	0.285398	0.135116	0.155331	0.155331	0.001	0.0005	500	0.027	0.027	0.027	0
1	103	35.055	117.585	0.35	0.3	25	0.6	2	13.6	13.6	13.6	223.776	164.16	164.16	-99	-99	-99	20	30	50	51	0.1	0.3	0.85	-99	4	35.5	35.5	35.5	-99	-99	-99	1490	1490	1490	2685	2685	2685	8	0.277399	0.286764	0.286764	0.134416	0.143772	0.143772	0.001	0.0005	500	0.027	0.027	0.027	0
1	104	35.055	117.595	0.35	0.3	25	0.6	2	13.6	13.6	13.6	223.776	164.16	164.16	-99	-99	-99	20	30	50	53	0.1	0.3	0.85	-99	4	35.5	35.5	35.5	-99	-99	-99	1490	1490	1490	2685	2685	2685	8	0.277399	0.286764	0.286764	0.134416	0.143772	0.143772	0.001	0.0005	500	0.027	0.027	0.027	0
1	105	35.055	117.605	0.35	0.3	25	0.6	2	13.6	13.6	13.6	223.776	164.16	164.16	-99	-99	-99	20	30	50	8	0.1	0.3	0.85	-99	4	35.5	35.5	35.5	-99	-99	-99	1490	1490	1490	2685	2685	2685	8	0.277399	0.286764	0.286764	0.134416	0.143772	0.143772	0.001	0.0005	500	0.027	0.027	0.027	0
1	106	35.055	117.615	0.35	0.3	25	0.6	2	13.6	13.6	13.6	223.776	164.16	164.16	-99	-99	-99	20	30	50	170	0.1	0.3	0.85	-99	4	35.5	35.5	35.5	-99	-99	-99	1490	1490	1490	2685	2685	2685	8	0.277399	0.286764	0.286764	0.134416	0.143772	0.143772	0.001	0.0005	500	0.027	0.027	0.027	0
1	107	35.055	117.625	0.35	0.3	25	0.6	2	13.6	13.6	13.6	223.776	164.16	164.16	-99	-99	-99	20	30	50	175	0.1	0.3	0.85	-99	4	35.5	35.5	35.5	-99	-99	-99	1490	1490	1490	2685	2685	2685	8	0.277399	0.286764	0.286764	0.134416	0.143772	0.143772	0.001	0.0005	500	0.027	0.027	0.027	0
1	108	35.055	117.635	0.35	0.3	25	0.6	2	13.6	13.6	13.6	271.296	158.976	158.976	-99	-99	-99	20	30	50	175	0.1	0.3	0.85	-99	4	35.5	35.5	35.5	-99	-99	-99	1490	1490	1490	2685	2685	2685	8	0.262996	0.285398	0.285398	0.135116	0.155331	0.155331	0.001	0.0005	500	0.027	0.027	0.027	0
1	109	35.055	117.645	0.35	0.3	25	0.6	2	13.6	13.6	13.6	271.296	158.976	158.976	-99	-99	-99	20	30	50	197	0.1	0.3	0.85	-99	4	35.5	35.5	35.5	-99	-99	-99	1490	1490	1490	2685	2685	2685	8	0.262996	0.285398	0.285398	0.135116	0.155331	0.155331	0.001	0.0005	500	0.027	0.027	0.027	0
1	110	35.065	117.465	0.35	0.3	25	0.6	2	13.6	13.6	13.6	271.296	158.976	158.976	-99	-99	-99	20	30	50	0	0.1	0.3	0.85	-99	4	35.5	35.5	35.5	-99	-99	-99	1490	1490	1490	2685	2685	2685	8	0.262996	0.285398	0.285398	0.135116	0.155331	0.155331	0.001	0.0005	500	0.027	0.027	0.027	0
1	111	35.065	117.475	0.35	0.3	25	0.6	2	20.32	29.0	29.0	241.92	101.088	101.088	-99	-99	-99	20	30	50	50	0.1	0.3	0.85	-99	4	13.5	9.8	9.8	-99	-99	-99	1600	1570	1570	2685	2685	2685	8	0.251422	0.297002	0.297002	0.143654	0.182589	0.182589	0.001	0.0005	500	0.027	0.027	0.027	0
1	112	35.065	117.485	0.35	0.3	25	0.6	2	20.32	29.0	29.0	241.92	101.088	101.088	-99	-99	-99	20	30	50	50	0.1	0.3	0.85	-99	4	13.5	9.8	9.8	-99	-99	-99	1600	1570	1570	2685	2685	2685	8	0.251422	0.297002	0.297002	0.143654	0.182589	0.182589	0.001	0.0005	500	0.027	0.027	0.027	0
1	113	35.065	117.495	0.35	0.3	25	0.6	2	20.32	29.0	29.0	241.92	101.088	101.088	-99	-99	-99	20	30	50	50	0.1	0.3	0.85	-99	4	13.5	9.8	9.8	-99	-99	-99	1600	1570	1570	2685	2685	2685	8	0.251422	0.297002	0.297002	0.143654	0.182589	0.182589	0.001	0.0005	500	0.027	0.027	0.027	0
1	114	35.065	117.505	0.35	0.3	25	0.6	2	20.32	29.0	29.0	241.92	101.088	101.088	-99	-99	-99	20	30	50	50	0.1	0.3	0.85	-99	4	13.5	9.8	9.8	-99	-99	-99	1600	1570	1570	2685	2685	2685	8	0.251422	0.297002	0.297002	0.143654	0.182589	0.182589	0.001	0.0005	500	0.027	0.027	0.027	0
1	115	35.065	117.515	0.35	0.3	25	0.6	2	20.32	29.0	29.0	241.92	101.088	101.088	-99	-99	-99	20	30	50	121	0.1	0.3	0.85	-99	4	13.5	9.8	9.8	-99	-99	-99	1600	1570	1570	2685	2685	2685	8	0.251422	0.297002	0.297002	0.143654	0.182589	0.182589	0.001	0.0005	500	0.027	0.027	0.027	0
1	116	35.065	117.525	0.35	0.3	25	0.6	2	13.6	13.6	13.6	271.296	158.976	158.976	-99	-99	-99	20	30	50	160	0.1	0.3	0.85	-99	4	35.5	35.5	35.5	-99	-99	-99	1490	1490	1490	2685	2685	2685	8	0.262996	0.285398	0.285398	0.135116	0.155331	0.155331	0.001	0.0005	500	0.027	0.027	0.027	0
1	117	35.065	117.535	0.35	0.3	25	0.6	2	13.6	13.6	13.6	271.296	158.976	158.976	-99	-99	-99	20	30	50	67	0.1	0.3	0.85	-99	4	35.5	35.5	35.5	-99	-99	-99	1490	1490	1490	2685	2685	2685	8	0.262996	0.285398	0.285398	0.135116	0.155331	0.155331	0.001	0.0005	500	0.027	0.027	0.027	0
1	118	35.065	117.545	0.35	0.3	25	0.6	2	13.6	13.6	13.6	271.296	158.976	158.976	-99	-99	-99	20	30	50	157	0.1	0.3	0.85	-99	4	35.5	35.5	35.5	-99	-99	-99	1490	1490	1490	2685	2685	2685	8	0.262996	0.285398	0.285398	0.135116	0.155331	0.155331	0.001	0.0005	500	0.027	0.027	0.027	0
1	119	35.065	117.555	0.35	0.3	25	0.6	2	13.6	13.6	13.6	271.296	158.976	158.976	-99	-99	-99	20	30	50	211	0.1	0.3	0.85	-99	4	35.5	35.5	35.5	-99	-99	-99	1490	1490	1490	2685	2685	2685	8	0.262996	0.285398	0.285398	0.135116	0.155331	0.155331	0.001	0.0005	500	0.027	0.027	0.027	0
1	120	35.065	117.565	0.35	0.3	25	0.6	2	13.6	13.6	13.6	271.296	158.976	158.976	-99	-99	-99	20	30	50	158	0.1	0.3	0.85	-99	4	35.5	35.5	35.5	-99	-99	-99	1490	1490	1490	2685	2685	2685	8	0.262996	0.285398	0.285398	0.135116	0.155331	0.155331	0.001	0.0005	500	0.027	0.027	0.027	0
1	121	35.065	117.575	0.35	0.3	25	0.6	2	20.32	29.0	29.0	241.92	101.088	101.088	-99	-99	-99	20	30	50	158	0.1	0.3	0.85	-99	4	13.5	9.8	9.8	-99	-99	-99	1600	1570	1570	2685	2685	2685	8	0.251422	0.297002	0.297002	0.143654	0.182589	0.182589	0.001	0.0005	500	0.027	0.027	0.027	0
1	122	35.065	117.585	0.35	0.3	25	0.6	2	20.32	29.0	29.0	241.92	101.088	101.088	-99	-99	-99	20	30	50	181	0.1	0.3	0.85	-99	4	13.5	9.8	9.8	-99	-99	-99	1600	1570	1570	2685	2685	2685	8	0.251422	0.297002	0.297002	0.143654	0.182589	0.182589	0.001	0.0005	500	0.027	0.027	0.027	0
1	123	35.065	117.595	0.35	0.3	25	0.6	2	13.6	13.6	13.6	223.776	164.16	164.16	-99	-99	-99	20	30	50	54	0.1	0.3	0.85	-99	4	35.5	35.5	35.5	-99	-99	-99	1490	1490	1490	2685	2685	2685	8	0.277399	0.286764	0.286764	0.134416	0.143772	0.143772	0.001	0.0005	500	0.027	0.027	0.027	0
1	124	35.065	117.605	0.35	0.3	25	0.6	2	13.6	13.6	13.6	223.776	164.16	164.16	-99	-99	-99	20	30	50	54	0.1	0.3	0.85	-99	4	35.5	35.5	35.5	-99	-99	-99	1490	1490	1490	2685	2685	2685	8	0.277399	0.286764	0.286764	0.134416	0.143772	0.143772	0.001	0.0005	500	0.027	0.027	0.027	0
1	125	35.065	117.615	0.35	0.3	25	0.6	2	13.6	13.6	13.6	223.776	164.16	164.16	-99	-99	-99	20	30	50	174	0.1	0.3	0.85	-99	4	35.5	35.5	35.5	-99	-99	-99	1490	1490	1490	2685	2685	2685	8	0.277399	0.286764	0.286764	0.134416	0.143772	0.143772	0.001	0.0005	500	0.027	0.027	0.027	0
1	126	35.065	117.625	0.35	0.3	25	0.6	2	13.6	13.6	13.6	223.776	164.16	164.16	-99	-99	-99	20	30	50	188	0.1	0.3	0.85	-99	4	35.5	35.5	35.5	-99	-99	-99	1490	1490	1490	2685	2685	2685	8	0.277399	0.286764	0.286764	0.134416	0.143772	0.143772	0.001	0.0005	500	0.027	0.027	0.027	0
1	127	35.065	117.635	0.35	0.3	25	0.6	2	13.6	13.6	13.6	223.776	164.16	164.16	-99	-99	-99	20	30	50	188	0.1	0.3	0.85	-99	4	35.5	35.5	35.5	-99	-99	-99	1490	1490	1490	2685	2685	2685	8	0.277399	0.286764	0.286764	0.134416	0.143772	0.143772	0.001	0.0005	500	0.027	0.027	0.027	0
1	128	35.065	117.645	0.35	0.3	25	0.6	2	13.6	13.6	13.6	271.296	158.976	158.976	-99	-99	-99	20	30	50	10	0.1	0.3	0.85	-99	4	35.5	35.5	35.5	-99	-99	-99	1490	1490	1490	2685	2685	2685	8	0.262996	0.285398	0.285398	0.135116	0.155331	0.155331	0.001	0.0005	500	0.027	0.027	0.027	0
1	129	35.065	117.655	0.35	0.3	25	0.6	2	20.32	29.0	29.0	241.92	101.088	101.088	-99	-99	-99	20	30	50	0	0.1	0.3	0.85	-99	4	13.5	9.8	9.8	-99	-99	-99	1600	1570	1570	2685	2685	2685	8	0.251422	0.297002	0.297002	0.143654	0.182589	0.182589	0.001	0.0005	500	0.027	0.027	0.027	0
1	130	35.075	117.485	0.35	0.3	25	0.6	2	20.32	29.0	29.0	241.92	101.088	101.088	-99	-99	-99	20	30	50	0	0.1	0.3	0.85	-99	4	13.5	9.8	9.8	-99	-99	-99	1600	1570	1570	2685	2685	2685	8	0.251422	0.297002	0.297002	0.143654	0.182589	0.182589	0.001	0.0005	500	0.027	0.027	0.027	0
1	131	35.075	117.495	0.35	0.3	25	0.6	2	20.32	29.0	29.0	241.92	101.088	101.088	-99	-99	-99	20	30	50	0	0.1	0.3	0.85	-99	4	13.5	9.8	9.8	-99	-99	-99	1600	1570	1570	2685	2685	2685	8	0.251422	0.297002	0.297002	0.143654	0.182589	0.182589	0.001	0.0005	500	0.027	0.027	0.027	0
1	132	35.075	117.505	0.35	0.3	25	0.6	2	13.6	13.6	13.6	271.296	158.976	158.976	-99	-99	-99	20	30	50	50	0.1	0.3	0.85	-99	4	35.5	35.5	35.5	-99	-99	-99	1490	1490	1490	2685	2685	2685	8	0.262996	0.285398	0.285398	0.135116	0.155331	0.155331	0.001	0.0005	500	0.027	0.027	0.027	0
1	133	35.075	117.515	0.35	0.3	25	0.6	2	13.6	13.6	13.6	271.296	158.976	158.976	-99	-99	-99	20	30	50	0	0.1	0.3	0.85	-99	4	35.5	35.5	35.5	-99	-99	-99	1490	1490	1490	2685	2685	2685	8	0.262996	0.285398	0.285398	0.135116	0.155331	0.155331	0.001	0.0005	500	0.027	0.027	0.027	0
1	134	35.075	117.525	0.35	0.3	25	0.6	2	20.32	29.0	29.0	241.92	101.088	101.088	-99	-99	-99	20	30	50	160	0.1	0.3	0.85	-99	4	13.5	9.8	9.8	-99	-99	-99	1600	1570	1570	2685	2685	2685	8	0.251422	0.297002	0.297002	0.143654	0.182589	0.182589	0.001	0.0005	500	0.027	0.027	0.027	0
1	135	35.075	117.535	0.35	0.3	25	0.6	2	20.32	29.0	29.0	241.92	101.088	101.088	-99	-99	-99	20	30	50	209	0.1	0.3	0.85	-99	4	13.5	9.8	9.8	-99	-99	-99	1600	1570	1570	2685	2685	2685	8	0.251422	0.297002	0.297002	0.143654	0.182589	0.182589	0.001	0.0005	500	0.027	0.027	0.027	0
1	136	35.075	117.545	0.35	0.3	25	0.6	2	20.32	29.0	29.0	241.92	101.088	101.088	-99	-99	-99	20	30	50	209	0.1	0.3	0.85	-99	4	13.5	9.8	9.8	-99	-99	-99	1600	1570	1570	2685	2685	2685	8	0.251422	0.297002	0.297002	0.143654	0.182589	0.182589	0.001	0.0005	500	0.027	0.027	0.027	0
1	137	35.075	117.555	0.35	0.3	25	0.6	2	20.32	29.0	29.0	241.92	101.088	101.088	-99	-99	-99	20	30	50	19	0.1	0.3	0.85	-99	4	13.5	9.8	9.8	-99	-99	-99	1600	1570	1570	2685	2685	2685	8	0.251422	0.297002	0.297002	0.143654	0.182589	0.182589	0.001	0.0005	500	0.027	0.027	0.027	0
1	138	35.075	117.565	0.35	0.3	25	0.6	2	20.32	29.0	29.0	241.92	101.088	101.088	-99	-99	-99	20	30	50	176	0.1	0.3	0.85	-99	4	13.5	9.8	9.8	-99	-99	-99	1600	1570	1570	2685	2685	2685	8	0.251422	0.297002	0.297002	0.143654	0.182589	0.182589	0.001	0.0005	500	0.027	0.027	0.027	0
1	139	35.075	117.575	0.35	0.3	25	0.6	2	20.32	29.0	29.0	241.92	101.088	101.088	-99	-99	-99	20	30	50	68	0.1	0.3	0.85	-99	4	13.5	9.8	9.8	-99	-99	-99	1600	1570	1570	2685	2685	2685	8	0.251422	0.297002	0.297002	0.143654	0.182589	0.182589	0.001	0.0005	500	0.027	0.027	0.027	0
1	140	35.075	117.585	0.35	0.3	25	0.6	2	20.32	29.0	29.0	241.92	101.088	101.088	-99	-99	-99	20	30	50	181	0.1	0.3	0.85	-99	4	13.5	9.8	9.8	-99	-99	-99	1600	1570	1570	2685	2685	2685	8	0.251422	0.297002	0.297002	0.143654	0.182589	0.182589	0.001	0.0005	500	0.027	0.027	0.027	0
1	141	35.075	117.595	0.35	0.3	25	0.6	2	13.6	13.6	13.6	223.776	164.16	164.16	-99	-99	-99	20	30	50	200	0.1	0.3	0.85	-99	4	35.5	35.5	35.5	-99	-99	-99	1490	1490	1490	2685	2685	2685	8	0.277399	0.286764	0.286764	0.134416	0.143772	0.143772	0.001	0.0005	500	0.027	0.027	0.027	0
1	142	35.075	117.605	0.35	0.3	25	0.6	2	13.6	13.6	13.6	271.296	158.976	158.976	-99	-99	-99	20	30	50	184	0.1	0.3	0.85	-99	4	35.5	35.5	35.5	-99	-99	-99	1490	1490	1490	2685	2685	2685	8	0.262996	0.285398	0.285398	0.135116	0.155331	0.155331	0.001	0.0005	500	0.027	0.027	0.027	0
1	143	35.075	117.615	0.35	0.3	25	0.6	2	13.6	13.6	13.6	271.296	158.976	158.976	-99	-99	-99	20	30	50	189	0.1	0.3	0.85	-99	4	35.5	35.5	35.5	-99	-99	-99	1490	1490	1490	2685	2685	2685	8	0.262996	0.285398	0.285398	0.135116	0.155331	0.155331	0.001	0.0005	500	0.027	0.027	0.027	0
1	144	35.075	117.625	0.35	0.3	25	0.6	2	13.6	13.6	13.6	223.776	164.16	164.16	-99	-99	-99	20	30	50	192	0.1	0.3	0.85	-99	4	35.5	35.5	35.5	-99	-99	-99	1490	1490	1490	2685	2685	2685	8	0.277399	0.286764	0.286764	0.134416	0.143772	0.143772	0.001	0.0005	500	0.027	0.027	0.027	0
1	145	35.075	117.635	0.35	0.3	25	0.6	2	13.6	13.6	13.6	223.776	164.16	164.16	-99	-99	-99	20	30	50	195	0.1	0.3	0.85	-99	4	35.5	35.5	35.5	-99	-99	-99	1490	1490	1490	2685	2685	2685	8	0.277399	0.286764	0.286764	0.134416	0.143772	0.143772	0.001	0.0005	500	0.027	0.027	0.027	0
1	146	35.075	117.645	0.35	0.3	25	0.6	2	13.6	13.6	13.6	271.296	158.976	158.976	-99	-99	-99	20	30	50	196	0.1	0.3	0.85	-99	4	35.5	35.5	35.5	-99	-99	-99	1490	1490	1490	2685	2685	2685	8	0.262996	0.285398	0.285398	0.135116	0.155331	0.155331	0.001	0.0005	500	0.027	0.027	0.027	0
1	147	35.075	117.655	0.35	0.3	25	0.6	2	13.6	13.6	13.6	271.296	158.976	158.976	-99	-99	-99	20	30	50	0	0.1	0.3	0.85	-99	4	35.5	35.5	35.5	-99	-99	-99	1490	1490	1490	2685	2685	2685	8	0.262996	0.285398	0.285398	0.135116	0.155331	0.155331	0.001	0.0005	500	0.027	0.027	0.027	0
1	148	35.085	117.545	0.35	0.3	25	0.6	2	13.6	13.6	13.6	271.296	158.976	158.976	-99	-99	-99	20	30	50	0	0.1	0.3	0.85	-99	4	35.5	35.5	35.5	-99	-99	-99	1490	1490	1490	2685	2685	2685	8	0.262996	0.285398	0.285398	0.135116	0.155331	0.155331	0.001	0.0005	500	0.027	0.027	0.027	0
1	149	35.085	117.555	0.35	0.3	25	0.6	2	13.6	13.6	13.6	271.296	158.976	158.976	-99	-99	-99	20	30	50	12	0.1	0.3	0.85	-99	4	35.5	35.5	35.5	-99	-99	-99	1490	1490	1490	2685	2685	2685	8	0.262996	0.285398	0.285398	0.135116	0.155331	0.155331	0.001	0.0005	500	0.027	0.027	0.027	0
1	150	35.085	117.565	0.35	0.3	25	0.6	2	13.6	13.6	13.6	271.296	158.976	158.976	-99	-99	-99	20	30	50	168	0.1	0.3	0.85	-99	4	35.5	35.5	35.5	-99	-99	-99	1490	1490	1490	2685	2685	2685	8	0.262996	0.285398	0.285398	0.135116	0.155331	0.155331	0.001	0.0005	500	0.027	0.027	0.027	0
1	151	35.085	117.575	0.35	0.3	25	0.6	2	13.6	13.6	13.6	271.296	158.976	158.976	-99	-99	-99	20	30	50	79	0.1	0.3	0.85	-99	4	35.5	35.5	35.5	-99	-99	-99	1490	1490	1490	2685	2685	2685	8	0.262996	0.285398	0.285398	0.135116	0.155331	0.155331	0.001	0.0005	500	0.027	0.027	0.027	0
1	152	35.085	117.585	0.35	0.3	25	0.6	2	13.6	13.6	13.6	369.792	354.24	354.24	-99	-99	-99	20	30	50	165	0.1	0.3	0.85	-99	4	35.5	35.5	35.5	-99	-99	-99	1490	1490	1490	2685	2685	2685	8	0.251687	0.226687	0.226687	0.126214	0.113317	0.113317	0.001	0.0005	500	0.027	0.027	0.027	0
1	153	35.085	117.595	0.35	0.3	25	0.6	2	13.6	13.6	13.6	369.792	354.24	354.24	-99	-99	-99	20	30	50	202	0.1	0.3	0.85	-99	4	35.5	35.5	35.5	-99	-99	-99	1490	1490	1490	2685	2685	2685	8	0.251687	0.226687	0.226687	0.126214	0.113317	0.113317	0.001	0.0005	500	0.027	0.027	0.027	0
1	154	35.085	117.605	0.35	0.3	25	0.6	2	13.6	13.6	13.6	369.792	354.24	354.24	-99	-99	-99	20	30	50	76	0.1	0.3	0.85	-99	4	35.5	35.5	35.5	-99	-99	-99	1490	1490	1490	2685	2685	2685	8	0.251687	0.226687	0.226687	0.126214	0.113317	0.113317	0.001	0.0005	500	0.027	0.027	0.027	0
1	155	35.085	117.615	0.35	0.3	25	0.6	2	13.6	13.6	13.6	271.296	158.976	158.976	-99	-99	-99	20	30	50	76	0.1	0.3	0.85	-99	4	35.5	35.5	35.5	-99	-99	-99	1490	1490	1490	2685	2685	2685	8	0.262996	0.285398	0.285398	0.135116	0.155331	0.155331	0.001	0.0005	500	0.027	0.027	0.027	0
1	156	35.085	117.625	0.35	0.3	25	0.6	2	13.6	13.6	13.6	271.296	158.976	158.976	-99	-99	-99	20	30	50	249	0.1	0.3	0.85	-99	4	35.5	35.5	35.5	-99	-99	-99	1490	1490	1490	2685	2685	2685	8	0.262996	0.285398	0.285398	0.135116	0.155331	0.155331	0.001	0.0005	500	0.027	0.027	0.027	0
1	157	35.085	117.635	0.35	0.3	25	0.6	2	13.6	13.6	13.6	271.296	158.976	158.976	-99	-99	-99	20	30	50	64	0.1	0.3	0.85	-99	4	35.5	35.5	35.5	-99	-99	-99	1490	1490	1490	2685	2685	2685	8	0.262996	0.285398	0.285398	0.135116	0.155331	0.155331	0.001	0.0005	500	0.027	0.027	0.027	0
1	158	35.085	117.645	0.35	0.3	25	0.6	2	13.6	13.6	13.6	271.296	158.976	158.976	-99	-99	-99	20	30	50	194	0.1	0.3	0.85	-99	4	35.5	35.5	35.5	-99	-99	-99	1490	1490	1490	2685	2685	2685	8	0.262996	0.285398	0.285398	0.135116	0.155331	0.155331	0.001	0.0005	500	0.027	0.027	0.027	0
1	159	35.095	117.545	0.35	0.3	25	0.6	2	13.6	13.6	13.6	271.296	158.976	158.976	-99	-99	-99	20	30	50	0	0.1	0.3	0.85	-99	4	35.5	35.5	35.5	-99	-99	-99	1490	1490	1490	2685	2685	2685	8	0.262996	0.285398	0.285398	0.135116	0.155331	0.155331	0.001	0.0005	500	0.027	0.027	0.027	0
1	160	35.095	117.555	0.35	0.3	25	0.6	2	13.6	13.6	13.6	271.296	158.976	158.976	-99	-99	-99	20	30	50	22	0.1	0.3	0.85	-99	4	35.5	35.5	35.5	-99	-99	-99	1490	1490	1490	2685	2685	2685	8	0.262996	0.285398	0.285398	0.135116	0.155331	0.155331	0.001	0.0005	500	0.027	0.027	0.027	0
1	161	35.095	117.565	0.35	0.3	25	0.6	2	13.6	13.6	13.6	271.296	158.976	158.976	-99	-99	-99	20	30	50	33	0.1	0.3	0.85	-99	4	35.5	35.5	35.5	-99	-99	-99	1490	1490	1490	2685	2685	2685	8	0.262996	0.285398	0.285398	0.135116	0.155331	0.155331	0.001	0.0005	500	0.027	0.027	0.027	0
1	162	35.095	117.575	0.35	0.3	25	0.6	2	13.6	13.6	13.6	271.296	158.976	158.976	-99	-99	-99	20	30	50	213	0.1	0.3	0.85	-99	4	35.5	35.5	35.5	-99	-99	-99	1490	1490	1490	2685	2685	2685	8	0.262996	0.285398	0.285398	0.135116	0.155331	0.155331	0.001	0.0005	500	0.027	0.027	0.027	0
1	163	35.095	117.585	0.35	0.3	25	0.6	2	13.6	13.6	13.6	271.296	158.976	158.976	-99	-99	-99	20	30	50	177	0.1	0.3	0.85	-99	4	35.5	35.5	35.5	-99	-99	-99	1490	1490	1490	2685	2685	2685	8	0.262996	0.285398	0.285398	0.135116	0.155331	0.155331	0.001	0.0005	500	0.027	0.027	0.027	0
1	164	35.095	117.595	0.35	0.3	25	0.6	2	13.6	13.6	13.6	369.792	354.24	354.24	-99	-99	-99	20	30	50	55	0.1	0.3	0.85	-99	4	35.5	35.5	35.5	-99	-99	-99	1490	1490	1490	2685	2685	2685	8	0.251687	0.226687	0.226687	0.126214	0.113317	0.113317	0.001	0.0005	500	0.027	0.027	0.027	0
1	165	35.095	117.605	0.35	0.3	25	0.6	2	13.6	13.6	13.6	369.792	354.24	354.24	-99	-99	-99	20	30	50	76	0.1	0.3	0.85	-99	4	35.5	35.5	35.5	-99	-99	-99	1490	1490	1490	2685	2685	2685	8	0.251687	0.226687	0.226687	0.126214	0.113317	0.113317	0.001	0.0005	500	0.027	0.027	0.027	0
1	166	35.095	117.615	0.35	0.3	25	0.6	2	13.6	13.6	13.6	369.792	354.24	354.24	-99	-99	-99	20	30	50	206	0.1	0.3	0.85	-99	4	35.5	35.5	35.5	-99	-99	-99	1490	1490	1490	2685	2685	2685	8	0.251687	0.226687	0.226687	0.126214	0.113317	0.113317	0.001	0.0005	500	0.027	0.027	0.027	0
1	167	35.095	117.625	0.35	0.3	25	0.6	2	13.6	13.6	13.6	271.296	158.976	158.976	-99	-99	-99	20	30	50	110	0.1	0.3	0.85	-99	4	35.5	35.5	35.5	-99	-99	-99	1490	1490	1490	2685	2685	2685	8	0.262996	0.285398	0.285398	0.135116	0.155331	0.155331	0.001	0.0005	500	0.027	0.027	0.027	0
1	168	35.095	117.635	0.35	0.3	25	0.6	2	13.6	13.6	13.6	271.296	158.976	158.976	-99	-99	-99	20	30	50	45	0.1	0.3	0.85	-99	4	35.5	35.5	35.5	-99	-99	-99	1490	1490	1490	2685	2685	2685	8	0.262996	0.285398	0.285398	0.135116	0.155331	0.155331	0.001	0.0005	500	0.027	0.027	0.027	0
1	169	35.095	117.645	0.35	0.3	25	0.6	2	13.6	13.6	13.6	271.296	158.976	158.976	-99	-99	-99	20	30	50	0	0.1	0.3	0.85	-99	4	35.5	35.5	35.5	-99	-99	-99	1490	1490	1490	2685	2685	2685	8	0.262996	0.285398	0.285398	0.135116	0.155331	0.155331	0.001	0.0005	500	0.027	0.027	0.027	0
1	170	35.105	117.545	0.35	0.3	25	0.6	2	13.6	13.6	13.6	369.792	354.24	354.24	-99	-99	-99	20	30	50	0	0.1	0.3	0.85	-99	4	35.5	35.5	35.5	-99	-99	-99	1490	1490	1490	2685	2685	2685	8	0.251687	0.226687	0.226687	0.126214	0.113317	0.113317	0.001	0.0005	500	0.027	0.027	0.027	0
1	171	35.105	117.555	0.35	0.3	25	0.6	2	13.6	13.6	13.6	369.792	354.24	354.24	-99	-99	-99	20	30	50	169	0.1	0.3	0.85	-99	4	35.5	35.5	35.5	-99	-99	-99	1490	1490	1490	2685	2685	2685	8	0.251687	0.226687	0.226687	0.126214	0.113317	0.113317	0.001	0.0005	500	0.027	0.027	0.027	0
1	172	35.105	117.565	0.35	0.3	25	0.6	2	13.6	13.6	13.6	369.792	354.24	354.24	-99	-99	-99	20	30	50	218	0.1	0.3	0.85	-99	4	35.5	35.5	35.5	-99	-99	-99	1490	1490	1490	2685	2685	2685	8	0.251687	0.226687	0.226687	0.126214	0.113317	0.113317	0.001	0.0005	500	0.027	0.027	0.027	0
1	173	35.105	117.575	0.35	0.3	25	0.6	2	13.6	13.6	13.6	271.296	158.976	158.976	-99	-99	-99	20	30	50	251	0.1	0.3	0.85	-99	4	35.5	35.5	35.5	-99	-99	-99	1490	1490	1490	2685	2685	2685	8	0.262996	0.285398	0.285398	0.135116	0.155331	0.155331	0.001	0.0005	500	0.027	0.027	0.027	0
1	174	35.105	117.585	0.35	0.3	25	0.6	2	13.6	13.6	13.6	369.792	354.24	354.24	-99	-99	-99	20	30	50	49	0.1	0.3	0.85	-99	4	35.5	35.5	35.5	-99	-99	-99	1490	1490	1490	2685	2685	2685	8	0.251687	0.226687	0.226687	0.126214	0.113317	0.113317	0.001	0.0005	500	0.027	0.027	0.027	0
1	175	35.105	117.595	0.35	0.3	25	0.6	2	13.6	13.6	13.6	369.792	354.24	354.24	-99	-99	-99	20	30	50	178	0.1	0.3	0.85	-99	4	35.5	35.5	35.5	-99	-99	-99	1490	1490	1490	2685	2685	2685	8	0.251687	0.226687	0.226687	0.126214	0.113317	0.113317	0.001	0.0005	500	0.027	0.027	0.027	0
1	176	35.105	117.605	0.35	0.3	25	0.6	2	13.6	13.6	13.6	271.296	158.976	158.976	-99	-99	-99	20	30	50	133	0.1	0.3	0.85	-99	4	35.5	35.5	35.5	-99	-99	-99	1490	1490	1490	2685	2685	2685	8	0.262996	0.285398	0.285398	0.135116	0.155331	0.155331	0.001	0.0005	500	0.027	0.027	0.027	0
1	177	35.105	117.615	0.35	0.3	25	0.6	2	13.6	13.6	13.6	369.792	354.24	354.24	-99	-99	-99	20	30	50	207	0.1	0.3	0.85	-99	4	35.5	35.5	35.5	-99	-99	-99	1490	1490	1490	2685	2685	2685	8	0.251687	0.226687	0.226687	0.126214	0.113317	0.113317	0.001	0.0005	500	0.027	0.027	0.027	0
1	178	35.105	117.625	0.35	0.3	25	0.6	2	13.6	13.6	13.6	271.296	158.976	158.976	-99	-99	-99	20	30	50	0	0.1	0.3	0.85	-99	4	35.5	35.5	35.5	-99	-99	-99	1490	1490	1490	2685	2685	2685	8	0.262996	0.285398	0.285398	0.135116	0.155331	0.155331	0.001	0.0005	500	0.027	0.027	0.027	0
1	179	35.115	117.555	0.35	0.3	25	0.6	2	13.6	13.6	13.6	271.296	158.976	158.976	-99	-99	-99	20	30	50	0	0.1	0.3	0.85	-99	4	35.5	35.5	35.5	-99	-99	-99	1490	1490	1490	2685	2685	2685	8	0.262996	0.285398	0.285398	0.135116	0.155331	0.155331	0.001	0.0005	500	0.027	0.027	0.027	0
1	180	35.115	117.565	0.35	0.3	25	0.6	2	13.6	13.6	13.6	369.792	354.24	354.24	-99	-99	-99	20	30	50	217	0.1	0.3	0.85	-99	4	35.5	35.5	35.5	-99	-99	-99	1490	1490	1490	2685	2685	2685	8	0.251687	0.226687	0.226687	0.126214	0.113317	0.113317	0.001	0.0005	500	0.027	0.027	0.027	0
1	181	35.115	117.575	0.35	0.3	25	0.6	2	13.6	13.6	13.6	271.296	158.976	158.976	-99	-99	-99	20	30	50	217	0.1	0.3	0.85	-99	4	35.5	35.5	35.5	-99	-99	-99	1490	1490	1490	2685	2685	2685	8	0.262996	0.285398	0.285398	0.135116	0.155331	0.155331	0.001	0.0005	500	0.027	0.027	0.027	0
1	182	35.115	117.585	0.35	0.3	25	0.6	2	13.6	13.6	13.6	369.792	354.24	354.24	-99	-99	-99	20	30	50	219	0.1	0.3	0.85	-99	4	35.5	35.5	35.5	-99	-99	-99	1490	1490	1490	2685	2685	2685	8	0.251687	0.226687	0.226687	0.126214	0.113317	0.113317	0.001	0.0005	500	0.027	0.027	0.027	0
1	183	35.115	117.595	0.35	0.3	25	0.6	2	13.6	13.6	13.6	369.792	354.24	354.24	-99	-99	-99	20	30	50	205	0.1	0.3	0.85	-99	4	35.5	35.5	35.5	-99	-99	-99	1490	1490	1490	2685	2685	2685	8	0.251687	0.226687	0.226687	0.126214	0.113317	0.113317	0.001	0.0005	500	0.027	0.027	0.027	0
1	184	35.115	117.605	0.35	0.3	25	0.6	2	13.6	13.6	13.6	271.296	158.976	158.976	-99	-99	-99	20	30	50	203	0.1	0.3	0.85	-99	4	35.5	35.5	35.5	-99	-99	-99	1490	1490	1490	2685	2685	2685	8	0.262996	0.285398	0.285398	0.135116	0.155331	0.155331	0.001	0.0005	500	0.027	0.027	0.027	0
1	185	35.115	117.615	0.35	0.3	25	0.6	2	13.6	13.6	13.6	369.792	354.24	354.24	-99	-99	-99	20	30	50	0	0.1	0.3	0.85	-99	4	35.5	35.5	35.5	-99	-99	-99	1490	1490	1490	2685	2685	2685	8	0.251687	0.226687	0.226687	0.126214	0.113317	0.113317	0.001	0.0005	500	0.027	0.027	0.027	0
1	186	35.125	117.565	0.35	0.3	25	0.6	2	13.6	13.6	13.6	271.296	158.976	158.976	-99	-99	-99	20	30	50	0	0.1	0.3	0.85	-99	4	35.5	35.5	35.5	-99	-99	-99	1490	1490	1490	2685	2685	2685	8	0.262996	0.285398	0.285398	0.135116	0.155331	0.155331	0.001	0.0005	500	0.027	0.027	0.027	0
1	187	35.125	117.575	0.35	0.3	25	0.6	2	13.6	13.6	13.6	369.792	354.24	354.24	-99	-99	-99	20	30	50	0	0.1	0.3	0.85	-99	4	35.5	35.5	35.5	-99	-99	-99	1490	1490	1490	2685	2685	2685	8	0.251687	0.226687	0.226687	0.126214	0.113317	0.113317	0.001	0.0005	500	0.027	0.027	0.027	0
1	188	35.125	117.585	0.35	0.3	25	0.6	2	13.6	13.6	13.6	271.296	158.976	158.976	-99	-99	-99	20	30	50	171	0.1	0.3	0.85	-99	4	35.5	35.5	35.5	-99	-99	-99	1490	1490	1490	2685	2685	2685	8	0.262996	0.285398	0.285398	0.135116	0.155331	0.155331	0.001	0.0005	500	0.027	0.027	0.027	0
1	189	35.125	117.595	0.35	0.3	25	0.6	2	13.6	13.6	13.6	369.792	354.24	354.24	-99	-99	-99	20	30	50	171	0.1	0.3	0.85	-99	4	35.5	35.5	35.5	-99	-99	-99	1490	1490	1490	2685	2685	2685	8	0.251687	0.226687	0.226687	0.126214	0.113317	0.113317	0.001	0.0005	500	0.027	0.027	0.027	0
1	190	35.125	117.605	0.35	0.3	25	0.6	2	13.6	13.6	13.6	271.296	158.976	158.976	-99	-99	-99	20	30	50	0	0.1	0.3	0.85	-99	4	35.5	35.5	35.5	-99	-99	-99	1490	1490	1490	2685	2685	2685	8	0.262996	0.285398	0.285398	0.135116	0.155331	0.155331	0.001	0.0005	500	0.027	0.027	0.027	0