112
-9999
183
-9999
187
-9999
193
-9999
205
-9999
182
-9999
153
-9999
200
-9999
181
-9999
161
-9999
211
-9999
180
-9999
121
-9999
192
-9999
124
-9999
144
-9999
134
-9999
156
-9999
154
-9999
151
-9999
82
-9999
118
-9999
116
-9999
79
-9999
138
-9999
125
-9999
195
-9999
99
-9999
47
-9999
34
-9999
23
-9999
40
-9999
18
-9999
119
-9999
2
-9999
3
-9999
19
-9999
89
-9999
139
-9999
59
-9999
30
-9999
11
-9999
7
-9999
97
-9999
70
-9999
101
-9999
84
-9999
63
-9999
63
-9999
92
-9999
94
-9999
96
-9999
65
-9999
96
-9999
42
-9999
56
-9999
38
-9999
51
-9999
67
-9999
71
-9999
115
-9999
57
-9999
58
-9999
61
-9999
46
-9999
39
-9999
3
-9999
29
-9999
4
-9999
31
-9999
12
-9999
1
-9999
62
-9999
73
-9999
77
-9999
87
-9999
36
-9999
32
-9999
53
-9999
24
-9999
6
-9999
10
-9999
5
-9999
8
-9999
123
-9999
159
-9999
159
-9999
191
-9999
208
-9999
165
-9999
163
-9999
227
-9999
209
-9999
204
-9999
130
-9999
213
-9999
173
-9999
108
-9999
130
-9999
175
-9999
174
-9999
141
-9999
142
-9999
172
-9999
201
-9999
196
-9999
221
-9999
219
-9999
220
-9999
212
-9999
212
-9999
235
-9999
55
-9999
189
-9999
22
-9999
232
-9999
152
-9999
16
-9999