37.145	121.745
37.145	121.755
37.145	121.765
37.145	121.775
37.145	121.785
37.145	121.795
37.145	121.805
37.145	121.815
37.145	121.825
37.145	121.835
37.145	121.845
37.145	121.855
37.145	121.865
37.145	121.875
37.145	121.885
37.145	121.895
37.145	121.905
37.145	121.915
37.145	121.925
37.145	121.935
37.145	121.945
37.145	121.955
37.145	121.965
37.145	121.975
37.145	121.985
37.145	121.995
37.145	122.005
37.145	122.015
37.145	122.025
37.145	122.035
37.145	122.045
37.145	122.055
37.145	122.065
37.145	122.075
37.145	122.085
37.145	122.095
37.145	122.105
37.155	121.745
37.155	121.755
37.155	121.765
37.155	121.775
37.155	121.785
37.155	121.795
37.155	121.805
37.155	121.815
37.155	121.825
37.155	121.835
37.155	121.845
37.155	121.855
37.155	121.865
37.155	121.875
37.155	121.885
37.155	121.895
37.155	121.905
37.155	121.915
37.155	121.925
37.155	121.935
37.155	121.945
37.155	121.955
37.155	121.965
37.155	121.975
37.155	121.985
37.155	121.995
37.155	122.005
37.155	122.015
37.155	122.025
37.155	122.035
37.155	122.045
37.155	122.055
37.155	122.065
37.155	122.075
37.155	122.085
37.155	122.095
37.155	122.105
37.165	121.745
37.165	121.755
37.165	121.765
37.165	121.775
37.165	121.785
37.165	121.795
37.165	121.805
37.165	121.815
37.165	121.825
37.165	121.835
37.165	121.845
37.165	121.855
37.165	121.865
37.165	121.875
37.165	121.885
37.165	121.895
37.165	121.905
37.165	121.915
37.165	121.925
37.165	121.935
37.165	121.945
37.165	121.955
37.165	121.965
37.165	121.975
37.165	121.985
37.165	121.995
37.165	122.005
37.165	122.015
37.165	122.025
37.165	122.035
37.165	122.045
37.165	122.055
37.165	122.065
37.165	122.075
37.165	122.085
37.165	122.095
37.165	122.105
37.175	121.745
37.175	121.755
37.175	121.765
37.175	121.775
37.175	121.785
37.175	121.795
37.175	121.805
37.175	121.815
37.175	121.825
37.175	121.835
37.175	121.845
37.175	121.855
37.175	121.865
37.175	121.875
37.175	121.885
37.175	121.895
37.175	121.905
37.175	121.915
37.175	121.925
37.175	121.935
37.175	121.945
37.175	121.955
37.175	121.965
37.175	121.975
37.175	121.985
37.175	121.995
37.175	122.005
37.175	122.015
37.175	122.025
37.175	122.035
37.175	122.045
37.175	122.055
37.175	122.065
37.175	122.075
37.175	122.085
37.175	122.095
37.175	122.105
37.185	121.745
37.185	121.755
37.185	121.765
37.185	121.775
37.185	121.785
37.185	121.795
37.185	121.805
37.185	121.815
37.185	121.825
37.185	121.835
37.185	121.845
37.185	121.855
37.185	121.865
37.185	121.875
37.185	121.885
37.185	121.895
37.185	121.905
37.185	121.915
37.185	121.925
37.185	121.935
37.185	121.945
37.185	121.955
37.185	121.965
37.185	121.975
37.185	121.985
37.185	121.995
37.185	122.005
37.185	122.015
37.185	122.025
37.185	122.035
37.185	122.045
37.185	122.055
37.185	122.065
37.185	122.075
37.185	122.085
37.185	122.095
37.185	122.105
37.195	121.745
37.195	121.755
37.195	121.765
37.195	121.775
37.195	121.785
37.195	121.795
37.195	121.805
37.195	121.815
37.195	121.825
37.195	121.835
37.195	121.845
37.195	121.855
37.195	121.865
37.195	121.875
37.195	121.885
37.195	121.895
37.195	121.905
37.195	121.915
37.195	121.925
37.195	121.935
37.195	121.945
37.195	121.955
37.195	121.965
37.195	121.975
37.195	121.985
37.195	121.995
37.195	122.005
37.195	122.015
37.195	122.025
37.195	122.035
37.195	122.045
37.195	122.055
37.195	122.065
37.195	122.075
37.195	122.085
37.195	122.095
37.195	122.105
37.205	121.745
37.205	121.755
37.205	121.765
37.205	121.775
37.205	121.785
37.205	121.795
37.205	121.805
37.205	121.815
37.205	121.825
37.205	121.835
37.205	121.845
37.205	121.855
37.205	121.865
37.205	121.875
37.205	121.885
37.205	121.895
37.205	121.905
37.205	121.915
37.205	121.925
37.205	121.935
37.205	121.945
37.205	121.955
37.205	121.965
37.205	121.975
37.205	121.985
37.205	121.995
37.205	122.005
37.205	122.015
37.205	122.025
37.205	122.035
37.205	122.045
37.205	122.055
37.205	122.065
37.205	122.075
37.205	122.085
37.205	122.095
37.205	122.105
37.215	121.745
37.215	121.755
37.215	121.765
37.215	121.775
37.215	121.785
37.215	121.795
37.215	121.805
37.215	121.815
37.215	121.825
37.215	121.835
37.215	121.845
37.215	121.855
37.215	121.865
37.215	121.875
37.215	121.885
37.215	121.895
37.215	121.905
37.215	121.915
37.215	121.925
37.215	121.935
37.215	121.945
37.215	121.955
37.215	121.965
37.215	121.975
37.215	121.985
37.215	121.995
37.215	122.005
37.215	122.015
37.215	122.025
37.215	122.035
37.215	122.045
37.215	122.055
37.215	122.065
37.215	122.075
37.215	122.085
37.215	122.095
37.215	122.105
37.225	121.745
37.225	121.755
37.225	121.765
37.225	121.775
37.225	121.785
37.225	121.795
37.225	121.805
37.225	121.815
37.225	121.825
37.225	121.835
37.225	121.845
37.225	121.855
37.225	121.865
37.225	121.875
37.225	121.885
37.225	121.895
37.225	121.905
37.225	121.915
37.225	121.925
37.225	121.935
37.225	121.945
37.225	121.955
37.225	121.965
37.225	121.975
37.225	121.985
37.225	121.995
37.225	122.005
37.225	122.015
37.225	122.025
37.225	122.035
37.225	122.045
37.225	122.055
37.225	122.065
37.225	122.075
37.225	122.085
37.225	122.095
37.225	122.105
37.235	121.745
37.235	121.755
37.235	121.765
37.235	121.775
37.235	121.785
37.235	121.795
37.235	121.805
37.235	121.815
37.235	121.825
37.235	121.835
37.235	121.845
37.235	121.855
37.235	121.865
37.235	121.875
37.235	121.885
37.235	121.895
37.235	121.905
37.235	121.915
37.235	121.925
37.235	121.935
37.235	121.945
37.235	121.955
37.235	121.965
37.235	121.975
37.235	121.985
37.235	121.995
37.235	122.005
37.235	122.015
37.235	122.025
37.235	122.035
37.235	122.045
37.235	122.055
37.235	122.065
37.235	122.075
37.235	122.085
37.235	122.095
37.235	122.105
37.245	121.745
37.245	121.755
37.245	121.765
37.245	121.775
37.245	121.785
37.245	121.795
37.245	121.805
37.245	121.815
37.245	121.825
37.245	121.835
37.245	121.845
37.245	121.855
37.245	121.865
37.245	121.875
37.245	121.885
37.245	121.895
37.245	121.905
37.245	121.915
37.245	121.925
37.245	121.935
37.245	121.945
37.245	121.955
37.245	121.965
37.245	121.975
37.245	121.985
37.245	121.995
37.245	122.005
37.245	122.015
37.245	122.025
37.245	122.035
37.245	122.045
37.245	122.055
37.245	122.065
37.245	122.075
37.245	122.085
37.245	122.095
37.245	122.105
37.255	121.745
37.255	121.755
37.255	121.765
37.255	121.775
37.255	121.785
37.255	121.795
37.255	121.805
37.255	121.815
37.255	121.825
37.255	121.835
37.255	121.845
37.255	121.855
37.255	121.865
37.255	121.875
37.255	121.885
37.255	121.895
37.255	121.905
37.255	121.915
37.255	121.925
37.255	121.935
37.255	121.945
37.255	121.955
37.255	121.965
37.255	121.975
37.255	121.985
37.255	121.995
37.255	122.005
37.255	122.015
37.255	122.025
37.255	122.035
37.255	122.045
37.255	122.055
37.255	122.065
37.255	122.075
37.255	122.085
37.255	122.095
37.255	122.105
37.265	121.745
37.265	121.755
37.265	121.765
37.265	121.775
37.265	121.785
37.265	121.795
37.265	121.805
37.265	121.815
37.265	121.825
37.265	121.835
37.265	121.845
37.265	121.855
37.265	121.865
37.265	121.875
37.265	121.885
37.265	121.895
37.265	121.905
37.265	121.915
37.265	121.925
37.265	121.935
37.265	121.945
37.265	121.955
37.265	121.965
37.265	121.975
37.265	121.985
37.265	121.995
37.265	122.005
37.265	122.015
37.265	122.025
37.265	122.035
37.265	122.045
37.265	122.055
37.265	122.065
37.265	122.075
37.265	122.085
37.265	122.095
37.265	122.105
37.275	121.745
37.275	121.755
37.275	121.765
37.275	121.775
37.275	121.785
37.275	121.795
37.275	121.805
37.275	121.815
37.275	121.825
37.275	121.835
37.275	121.845
37.275	121.855
37.275	121.865
37.275	121.875
37.275	121.885
37.275	121.895
37.275	121.905
37.275	121.915
37.275	121.925
37.275	121.935
37.275	121.945
37.275	121.955
37.275	121.965
37.275	121.975
37.275	121.985
37.275	121.995
37.275	122.005
37.275	122.015
37.275	122.025
37.275	122.035
37.275	122.045
37.275	122.055
37.275	122.065
37.275	122.075
37.275	122.085
37.275	122.095
37.275	122.105
37.285	121.745
37.285	121.755
37.285	121.765
37.285	121.775
37.285	121.785
37.285	121.795
37.285	121.805
37.285	121.815
37.285	121.825
37.285	121.835
37.285	121.845
37.285	121.855
37.285	121.865
37.285	121.875
37.285	121.885
37.285	121.895
37.285	121.905
37.285	121.915
37.285	121.925
37.285	121.935
37.285	121.945
37.285	121.955
37.285	121.965
37.285	121.975
37.285	121.985
37.285	121.995
37.285	122.005
37.285	122.015
37.285	122.025
37.285	122.035
37.285	122.045
37.285	122.055
37.285	122.065
37.285	122.075
37.285	122.085
37.285	122.095
37.285	122.105
37.295	121.745
37.295	121.755
37.295	121.765
37.295	121.775
37.295	121.785
37.295	121.795
37.295	121.805
37.295	121.815
37.295	121.825
37.295	121.835
37.295	121.845
37.295	121.855
37.295	121.865
37.295	121.875
37.295	121.885
37.295	121.895
37.295	121.905
37.295	121.915
37.295	121.925
37.295	121.935
37.295	121.945
37.295	121.955
37.295	121.965
37.295	121.975
37.295	121.985
37.295	121.995
37.295	122.005
37.295	122.015
37.295	122.025
37.295	122.035
37.295	122.045
37.295	122.055
37.295	122.065
37.295	122.075
37.295	122.085
37.295	122.095
37.295	122.105
37.305	121.745
37.305	121.755
37.305	121.765
37.305	121.775
37.305	121.785
37.305	121.795
37.305	121.805
37.305	121.815
37.305	121.825
37.305	121.835
37.305	121.845
37.305	121.855
37.305	121.865
37.305	121.875
37.305	121.885
37.305	121.895
37.305	121.905
37.305	121.915
37.305	121.925
37.305	121.935
37.305	121.945
37.305	121.955
37.305	121.965
37.305	121.975
37.305	121.985
37.305	121.995
37.305	122.005
37.305	122.015
37.305	122.025
37.305	122.035
37.305	122.045
37.305	122.055
37.305	122.065
37.305	122.075
37.305	122.085
37.305	122.095
37.305	122.105
37.315	121.745
37.315	121.755
37.315	121.765
37.315	121.775
37.315	121.785
37.315	121.795
37.315	121.805
37.315	121.815
37.315	121.825
37.315	121.835
37.315	121.845
37.315	121.855
37.315	121.865
37.315	121.875
37.315	121.885
37.315	121.895
37.315	121.905
37.315	121.915
37.315	121.925
37.315	121.935
37.315	121.945
37.315	121.955
37.315	121.965
37.315	121.975
37.315	121.985
37.315	121.995
37.315	122.005
37.315	122.015
37.315	122.025
37.315	122.035
37.315	122.045
37.315	122.055
37.315	122.065
37.315	122.075
37.315	122.085
37.315	122.095
37.315	122.105
37.325	121.745
37.325	121.755
37.325	121.765
37.325	121.775
37.325	121.785
37.325	121.795
37.325	121.805
37.325	121.815
37.325	121.825
37.325	121.835
37.325	121.845
37.325	121.855
37.325	121.865
37.325	121.875
37.325	121.885
37.325	121.895
37.325	121.905
37.325	121.915
37.325	121.925
37.325	121.935
37.325	121.945
37.325	121.955
37.325	121.965
37.325	121.975
37.325	121.985
37.325	121.995
37.325	122.005
37.325	122.015
37.325	122.025
37.325	122.035
37.325	122.045
37.325	122.055
37.325	122.065
37.325	122.075
37.325	122.085
37.325	122.095
37.325	122.105
37.335	121.745
37.335	121.755
37.335	121.765
37.335	121.775
37.335	121.785
37.335	121.795
37.335	121.805
37.335	121.815
37.335	121.825
37.335	121.835
37.335	121.845
37.335	121.855
37.335	121.865
37.335	121.875
37.335	121.885
37.335	121.895
37.335	121.905
37.335	121.915
37.335	121.925
37.335	121.935
37.335	121.945
37.335	121.955
37.335	121.965
37.335	121.975
37.335	121.985
37.335	121.995
37.335	122.005
37.335	122.015
37.335	122.025
37.335	122.035
37.335	122.045
37.335	122.055
37.335	122.065
37.335	122.075
37.335	122.085
37.335	122.095
37.335	122.105
37.345	121.745
37.345	121.755
37.345	121.765
37.345	121.775
37.345	121.785
37.345	121.795
37.345	121.805
37.345	121.815
37.345	121.825
37.345	121.835
37.345	121.845
37.345	121.855
37.345	121.865
37.345	121.875
37.345	121.885
37.345	121.895
37.345	121.905
37.345	121.915
37.345	121.925
37.345	121.935
37.345	121.945
37.345	121.955
37.345	121.965
37.345	121.975
37.345	121.985
37.345	121.995
37.345	122.005
37.345	122.015
37.345	122.025
37.345	122.035
37.345	122.045
37.345	122.055
37.345	122.065
37.345	122.075
37.345	122.085
37.345	122.095
37.345	122.105
37.355	121.745
37.355	121.755
37.355	121.765
37.355	121.775
37.355	121.785
37.355	121.795
37.355	121.805
37.355	121.815
37.355	121.825
37.355	121.835
37.355	121.845
37.355	121.855
37.355	121.865
37.355	121.875
37.355	121.885
37.355	121.895
37.355	121.905
37.355	121.915
37.355	121.925
37.355	121.935
37.355	121.945
37.355	121.955
37.355	121.965
37.355	121.975
37.355	121.985
37.355	121.995
37.355	122.005
37.355	122.015
37.355	122.025
37.355	122.035
37.355	122.045
37.355	122.055
37.355	122.065
37.355	122.075
37.355	122.085
37.355	122.095
37.355	122.105
37.365	121.745
37.365	121.755
37.365	121.765
37.365	121.775
37.365	121.785
37.365	121.795
37.365	121.805
37.365	121.815
37.365	121.825
37.365	121.835
37.365	121.845
37.365	121.855
37.365	121.865
37.365	121.875
37.365	121.885
37.365	121.895
37.365	121.905
37.365	121.915
37.365	121.925
37.365	121.935
37.365	121.945
37.365	121.955
37.365	121.965
37.365	121.975
37.365	121.985
37.365	121.995
37.365	122.005
37.365	122.015
37.365	122.025
37.365	122.035
37.365	122.045
37.365	122.055
37.365	122.065
37.365	122.075
37.365	122.085
37.365	122.095
37.365	122.105
37.375	121.745
37.375	121.755
37.375	121.765
37.375	121.775
37.375	121.785
37.375	121.795
37.375	121.805
37.375	121.815
37.375	121.825
37.375	121.835
37.375	121.845
37.375	121.855
37.375	121.865
37.375	121.875
37.375	121.885
37.375	121.895
37.375	121.905
37.375	121.915
37.375	121.925
37.375	121.935
37.375	121.945
37.375	121.955
37.375	121.965
37.375	121.975
37.375	121.985
37.375	121.995
37.375	122.005
37.375	122.015
37.375	122.025
37.375	122.035
37.375	122.045
37.375	122.055
37.375	122.065
37.375	122.075
37.375	122.085
37.375	122.095
37.375	122.105
37.385	121.745
37.385	121.755
37.385	121.765
37.385	121.775
37.385	121.785
37.385	121.795
37.385	121.805
37.385	121.815
37.385	121.825
37.385	121.835
37.385	121.845
37.385	121.855
37.385	121.865
37.385	121.875
37.385	121.885
37.385	121.895
37.385	121.905
37.385	121.915
37.385	121.925
37.385	121.935
37.385	121.945
37.385	121.955
37.385	121.965
37.385	121.975
37.385	121.985
37.385	121.995
37.385	122.005
37.385	122.015
37.385	122.025
37.385	122.035
37.385	122.045
37.385	122.055
37.385	122.065
37.385	122.075
37.385	122.085
37.385	122.095
37.385	122.105