156
166
151
-9999
151
133
128
-9999
128
122
-9999
122
109
-9999
101
97
100
109
-9999
46
58
61
66
84
75
101
-9999
109
94
118
114
116
93
113
99
-9999
99
87
73
82
81
80
-9999
80
103
112
121
110
108
124
-9999
130
107
124
-9999
163
175
178
150
165
148
130
-9999
185
163
-9999
124
106
-9999
106
111
145
-9999
145
159
149
134
144
142
141
140
143
-9999
167
156
-9999
157
156
-9999
56
65
76
89
95
119
125
129
151
-9999
154
132
128
-9999
128
122
-9999
70
74
101
-9999
39
41
46
-9999
48
46
-9999
99
-9999
32
45
62
72
80
-9999
146
130
-9999
164
163
-9999
204
207
185
-9999
208
179
185
-9999
124
106
-9999
105
145
-9999
120
126
143
-9999
143
172
169
158
162
206
220
219
218
223
-9999