1	1
11	1.0	0.10 0.10 0.75 0.60 0.50 0.30
2	1
11	1.0	0.10 0.10 0.75 0.60 0.50 0.30
3	1
11	1.0	0.10 0.10 0.75 0.60 0.50 0.30
4	1
11	1.0	0.10 0.10 0.75 0.60 0.50 0.30
5	1
11	1.0	0.10 0.10 0.75 0.60 0.50 0.30
6	1
11	1.0	0.10 0.10 0.75 0.60 0.50 0.30
7	1
11	1.0	0.10 0.10 0.75 0.60 0.50 0.30
8	1
11	1.0	0.10 0.10 0.75 0.60 0.50 0.30
9	1
11	1.0	0.10 0.10 0.75 0.60 0.50 0.30
10	1
11	1.0	0.10 0.10 0.75 0.60 0.50 0.30
11	1
11	1.0	0.10 0.10 0.75 0.60 0.50 0.30
12	1
11	1.0	0.10 0.10 0.75 0.60 0.50 0.30
13	1
11	1.0	0.10 0.10 0.75 0.60 0.50 0.30
14	1
11	1.0	0.10 0.10 0.75 0.60 0.50 0.30
15	1
11	1.0	0.10 0.10 0.75 0.60 0.50 0.30
16	1
10	1.0	0.10 0.10 1.00 0.70 0.50 0.20
17	1
10	1.0	0.10 0.10 1.00 0.70 0.50 0.20
18	1
11	1.0	0.10 0.10 0.75 0.60 0.50 0.30
19	1
11	1.0	0.10 0.10 0.75 0.60 0.50 0.30
20	1
11	1.0	0.10 0.10 0.75 0.60 0.50 0.30
21	0
22	0
23	0
24	0
25	1
11	1.0	0.10 0.10 0.75 0.60 0.50 0.30
26	1
11	1.0	0.10 0.10 0.75 0.60 0.50 0.30
27	1
11	1.0	0.10 0.10 0.75 0.60 0.50 0.30
28	1
10	1.0	0.10 0.10 1.00 0.70 0.50 0.20
29	1
10	1.0	0.10 0.10 1.00 0.70 0.50 0.20
30	1
11	1.0	0.10 0.10 0.75 0.60 0.50 0.30
31	0
32	0
33	0
34	0
35	0
36	1
11	1.0	0.10 0.10 0.75 0.60 0.50 0.30
37	1
11	1.0	0.10 0.10 0.75 0.60 0.50 0.30
38	1
11	1.0	0.10 0.10 0.75 0.60 0.50 0.30
39	1
11	1.0	0.10 0.10 0.75 0.60 0.50 0.30
40	1
11	1.0	0.10 0.10 0.75 0.60 0.50 0.30
41	1
11	1.0	0.10 0.10 0.75 0.60 0.50 0.30
42	1
10	1.0	0.10 0.10 1.00 0.70 0.50 0.20
43	1
10	1.0	0.10 0.10 1.00 0.70 0.50 0.20
44	1
10	1.0	0.10 0.10 1.00 0.70 0.50 0.20
45	1
11	1.0	0.10 0.10 0.75 0.60 0.50 0.30
46	1
11	1.0	0.10 0.10 0.75 0.60 0.50 0.30
47	1
10	1.0	0.10 0.10 1.00 0.70 0.50 0.20
48	1
11	1.0	0.10 0.10 0.75 0.60 0.50 0.30
49	1
11	1.0	0.10 0.10 0.75 0.60 0.50 0.30
50	0
51	0
52	0
53	0
54	0
55	1
11	1.0	0.10 0.10 0.75 0.60 0.50 0.30
56	1
11	1.0	0.10 0.10 0.75 0.60 0.50 0.30
57	1
11	1.0	0.10 0.10 0.75 0.60 0.50 0.30
58	1
11	1.0	0.10 0.10 0.75 0.60 0.50 0.30
59	1
11	1.0	0.10 0.10 0.75 0.60 0.50 0.30
60	1
11	1.0	0.10 0.10 0.75 0.60 0.50 0.30
61	1
11	1.0	0.10 0.10 0.75 0.60 0.50 0.30
62	1
7	1.0	0.10 0.10 1.00 0.65 1.00 0.25
63	1
7	1.0	0.10 0.10 1.00 0.65 1.00 0.25
64	1
10	1.0	0.10 0.10 1.00 0.70 0.50 0.20
65	1
10	1.0	0.10 0.10 1.00 0.70 0.50 0.20
66	1
11	1.0	0.10 0.10 0.75 0.60 0.50 0.30
67	1
11	1.0	0.10 0.10 0.75 0.60 0.50 0.30
68	1
10	1.0	0.10 0.10 1.00 0.70 0.50 0.20
69	1
11	1.0	0.10 0.10 0.75 0.60 0.50 0.30
70	1
11	1.0	0.10 0.10 0.75 0.60 0.50 0.30
71	1
11	1.0	0.10 0.10 0.75 0.60 0.50 0.30
72	1
11	1.0	0.10 0.10 0.75 0.60 0.50 0.30
73	1
11	1.0	0.10 0.10 0.75 0.60 0.50 0.30
74	1
11	1.0	0.10 0.10 0.75 0.60 0.50 0.30
75	1
11	1.0	0.10 0.10 0.75 0.60 0.50 0.30
76	0
77	0
78	1
11	1.0	0.10 0.10 0.75 0.60 0.50 0.30
79	1
11	1.0	0.10 0.10 0.75 0.60 0.50 0.30
80	1
11	1.0	0.10 0.10 0.75 0.60 0.50 0.30
81	1
11	1.0	0.10 0.10 0.75 0.60 0.50 0.30
82	1
11	1.0	0.10 0.10 0.75 0.60 0.50 0.30
83	1
11	1.0	0.10 0.10 0.75 0.60 0.50 0.30
84	1
11	1.0	0.10 0.10 0.75 0.60 0.50 0.30
85	1
7	1.0	0.10 0.10 1.00 0.65 1.00 0.25
86	1
7	1.0	0.10 0.10 1.00 0.65 1.00 0.25
87	1
10	1.0	0.10 0.10 1.00 0.70 0.50 0.20
88	1
10	1.0	0.10 0.10 1.00 0.70 0.50 0.20
89	1
10	1.0	0.10 0.10 1.00 0.70 0.50 0.20
90	1
11	1.0	0.10 0.10 0.75 0.60 0.50 0.30
91	1
11	1.0	0.10 0.10 0.75 0.60 0.50 0.30
92	1
11	1.0	0.10 0.10 0.75 0.60 0.50 0.30
93	1
10	1.0	0.10 0.10 1.00 0.70 0.50 0.20
94	1
11	1.0	0.10 0.10 0.75 0.60 0.50 0.30
95	1
10	1.0	0.10 0.10 1.00 0.70 0.50 0.20
96	1
10	1.0	0.10 0.10 1.00 0.70 0.50 0.20
97	1
10	1.0	0.10 0.10 1.00 0.70 0.50 0.20
98	1
10	1.0	0.10 0.10 1.00 0.70 0.50 0.20
99	1
11	1.0	0.10 0.10 0.75 0.60 0.50 0.30
100	0
101	0
102	1
10	1.0	0.10 0.10 1.00 0.70 0.50 0.20
103	1
11	1.0	0.10 0.10 0.75 0.60 0.50 0.30
104	1
11	1.0	0.10 0.10 0.75 0.60 0.50 0.30
105	1
11	1.0	0.10 0.10 0.75 0.60 0.50 0.30
106	1
11	1.0	0.10 0.10 0.75 0.60 0.50 0.30
107	1
11	1.0	0.10 0.10 0.75 0.60 0.50 0.30
108	1
11	1.0	0.10 0.10 0.75 0.60 0.50 0.30
109	1
10	1.0	0.10 0.10 1.00 0.70 0.50 0.20
110	1
11	1.0	0.10 0.10 0.75 0.60 0.50 0.30
111	1
11	1.0	0.10 0.10 0.75 0.60 0.50 0.30
112	1
11	1.0	0.10 0.10 0.75 0.60 0.50 0.30
113	1
10	1.0	0.10 0.10 1.00 0.70 0.50 0.20
114	1
10	1.0	0.10 0.10 1.00 0.70 0.50 0.20
115	1
11	1.0	0.10 0.10 0.75 0.60 0.50 0.30
116	1
7	1.0	0.10 0.10 1.00 0.65 1.00 0.25
117	1
11	1.0	0.10 0.10 0.75 0.60 0.50 0.30
118	1
11	1.0	0.10 0.10 0.75 0.60 0.50 0.30
119	1
11	1.0	0.10 0.10 0.75 0.60 0.50 0.30
120	1
10	1.0	0.10 0.10 1.00 0.70 0.50 0.20
121	1
11	1.0	0.10 0.10 0.75 0.60 0.50 0.30
122	1
10	1.0	0.10 0.10 1.00 0.70 0.50 0.20
123	1
10	1.0	0.10 0.10 1.00 0.70 0.50 0.20
124	1
11	1.0	0.10 0.10 0.75 0.60 0.50 0.30
125	1
10	1.0	0.10 0.10 1.00 0.70 0.50 0.20
126	0
127	0
128	1
11	1.0	0.10 0.10 0.75 0.60 0.50 0.30
129	1
11	1.0	0.10 0.10 0.75 0.60 0.50 0.30
130	1
10	1.0	0.10 0.10 1.00 0.70 0.50 0.20
131	1
10	1.0	0.10 0.10 1.00 0.70 0.50 0.20
132	1
11	1.0	0.10 0.10 0.75 0.60 0.50 0.30
133	1
11	1.0	0.10 0.10 0.75 0.60 0.50 0.30
134	1
11	1.0	0.10 0.10 0.75 0.60 0.50 0.30
135	1
7	1.0	0.10 0.10 1.00 0.65 1.00 0.25
136	1
11	1.0	0.10 0.10 0.75 0.60 0.50 0.30
137	1
7	1.0	0.10 0.10 1.00 0.65 1.00 0.25
138	1
6	1.0	0.10 0.10 1.00 0.65 1.00 0.25
139	1
6	1.0	0.10 0.10 1.00 0.65 1.00 0.25
140	1
11	1.0	0.10 0.10 0.75 0.60 0.50 0.30
141	1
11	1.0	0.10 0.10 0.75 0.60 0.50 0.30
142	1
11	1.0	0.10 0.10 0.75 0.60 0.50 0.30
143	1
11	1.0	0.10 0.10 0.75 0.60 0.50 0.30
144	1
11	1.0	0.10 0.10 0.75 0.60 0.50 0.30
145	1
10	1.0	0.10 0.10 1.00 0.70 0.50 0.20
146	1
11	1.0	0.10 0.10 0.75 0.60 0.50 0.30
147	1
11	1.0	0.10 0.10 0.75 0.60 0.50 0.30
148	1
11	1.0	0.10 0.10 0.75 0.60 0.50 0.30
149	1
11	1.0	0.10 0.10 0.75 0.60 0.50 0.30
150	1
11	1.0	0.10 0.10 0.75 0.60 0.50 0.30
151	1
11	1.0	0.10 0.10 0.75 0.60 0.50 0.30
152	0
153	0
154	1
11	1.0	0.10 0.10 0.75 0.60 0.50 0.30
155	1
11	1.0	0.10 0.10 0.75 0.60 0.50 0.30
156	1
11	1.0	0.10 0.10 0.75 0.60 0.50 0.30
157	1
11	1.0	0.10 0.10 0.75 0.60 0.50 0.30
158	1
11	1.0	0.10 0.10 0.75 0.60 0.50 0.30
159	1
11	1.0	0.10 0.10 0.75 0.60 0.50 0.30
160	1
11	1.0	0.10 0.10 0.75 0.60 0.50 0.30
161	1
11	1.0	0.10 0.10 0.75 0.60 0.50 0.30
162	1
11	1.0	0.10 0.10 0.75 0.60 0.50 0.30
163	1
6	1.0	0.10 0.10 1.00 0.65 1.00 0.25
164	1
11	1.0	0.10 0.10 0.75 0.60 0.50 0.30
165	1
11	1.0	0.10 0.10 0.75 0.60 0.50 0.30
166	1
11	1.0	0.10 0.10 0.75 0.60 0.50 0.30
167	1
11	1.0	0.10 0.10 0.75 0.60 0.50 0.30
168	1
6	1.0	0.10 0.10 1.00 0.65 1.00 0.25
169	1
11	1.0	0.10 0.10 0.75 0.60 0.50 0.30
170	1
11	1.0	0.10 0.10 0.75 0.60 0.50 0.30
171	1
7	1.0	0.10 0.10 1.00 0.65 1.00 0.25
172	1
11	1.0	0.10 0.10 0.75 0.60 0.50 0.30
173	1
11	1.0	0.10 0.10 0.75 0.60 0.50 0.30
174	1
11	1.0	0.10 0.10 0.75 0.60 0.50 0.30
175	1
11	1.0	0.10 0.10 0.75 0.60 0.50 0.30
176	1
11	1.0	0.10 0.10 0.75 0.60 0.50 0.30
177	1
10	1.0	0.10 0.10 1.00 0.70 0.50 0.20
178	1
7	1.0	0.10 0.10 1.00 0.65 1.00 0.25
179	1
11	1.0	0.10 0.10 0.75 0.60 0.50 0.30
180	0
181	0
182	1
11	1.0	0.10 0.10 0.75 0.60 0.50 0.30
183	1
11	1.0	0.10 0.10 0.75 0.60 0.50 0.30
184	1
11	1.0	0.10 0.10 0.75 0.60 0.50 0.30
185	1
11	1.0	0.10 0.10 0.75 0.60 0.50 0.30
186	1
11	1.0	0.10 0.10 0.75 0.60 0.50 0.30
187	1
10	1.0	0.10 0.10 1.00 0.70 0.50 0.20
188	1
11	1.0	0.10 0.10 0.75 0.60 0.50 0.30
189	1
11	1.0	0.10 0.10 0.75 0.60 0.50 0.30
190	1
11	1.0	0.10 0.10 0.75 0.60 0.50 0.30
191	1
11	1.0	0.10 0.10 0.75 0.60 0.50 0.30
192	1
1	1.0	0.10 0.05 1.00 0.45 5.00 0.50
193	1
6	1.0	0.10 0.10 1.00 0.65 1.00 0.25
194	1
1	1.0	0.10 0.05 1.00 0.45 5.00 0.50
195	1
6	1.0	0.10 0.10 1.00 0.65 1.00 0.25
196	1
7	1.0	0.10 0.10 1.00 0.65 1.00 0.25
197	1
10	1.0	0.10 0.10 1.00 0.70 0.50 0.20
198	1
11	1.0	0.10 0.10 0.75 0.60 0.50 0.30
199	1
10	1.0	0.10 0.10 1.00 0.70 0.50 0.20
200	1
10	1.0	0.10 0.10 1.00 0.70 0.50 0.20
201	1
10	1.0	0.10 0.10 1.00 0.70 0.50 0.20
202	1
11	1.0	0.10 0.10 0.75 0.60 0.50 0.30
203	1
11	1.0	0.10 0.10 0.75 0.60 0.50 0.30
204	1
10	1.0	0.10 0.10 1.00 0.70 0.50 0.20
205	1
11	1.0	0.10 0.10 0.75 0.60 0.50 0.30
206	1
11	1.0	0.10 0.10 0.75 0.60 0.50 0.30
207	1
10	1.0	0.10 0.10 1.00 0.70 0.50 0.20
208	1
11	1.0	0.10 0.10 0.75 0.60 0.50 0.30
209	1
11	1.0	0.10 0.10 0.75 0.60 0.50 0.30
210	1
11	1.0	0.10 0.10 0.75 0.60 0.50 0.30
211	1
11	1.0	0.10 0.10 0.75 0.60 0.50 0.30
212	1
11	1.0	0.10 0.10 0.75 0.60 0.50 0.30
213	1
11	1.0	0.10 0.10 0.75 0.60 0.50 0.30
214	1
11	1.0	0.10 0.10 0.75 0.60 0.50 0.30
215	1
11	1.0	0.10 0.10 0.75 0.60 0.50 0.30
216	1
11	1.0	0.10 0.10 0.75 0.60 0.50 0.30
217	1
11	1.0	0.10 0.10 0.75 0.60 0.50 0.30
218	1
6	1.0	0.10 0.10 1.00 0.65 1.00 0.25
219	1
1	1.0	0.10 0.05 1.00 0.45 5.00 0.50
220	1
6	1.0	0.10 0.10 1.00 0.65 1.00 0.25
221	1
6	1.0	0.10 0.10 1.00 0.65 1.00 0.25
222	1
7	1.0	0.10 0.10 1.00 0.65 1.00 0.25
223	1
11	1.0	0.10 0.10 0.75 0.60 0.50 0.30
224	1
11	1.0	0.10 0.10 0.75 0.60 0.50 0.30
225	1
10	1.0	0.10 0.10 1.00 0.70 0.50 0.20
226	1
10	1.0	0.10 0.10 1.00 0.70 0.50 0.20
227	1
11	1.0	0.10 0.10 0.75 0.60 0.50 0.30
228	1
11	1.0	0.10 0.10 0.75 0.60 0.50 0.30
229	1
11	1.0	0.10 0.10 0.75 0.60 0.50 0.30
230	1
11	1.0	0.10 0.10 0.75 0.60 0.50 0.30
231	1
11	1.0	0.10 0.10 0.75 0.60 0.50 0.30
232	1
11	1.0	0.10 0.10 0.75 0.60 0.50 0.30
233	1
11	1.0	0.10 0.10 0.75 0.60 0.50 0.30
234	1
11	1.0	0.10 0.10 0.75 0.60 0.50 0.30
235	1
11	1.0	0.10 0.10 0.75 0.60 0.50 0.30
236	1
11	1.0	0.10 0.10 0.75 0.60 0.50 0.30
237	1
11	1.0	0.10 0.10 0.75 0.60 0.50 0.30
238	1
11	1.0	0.10 0.10 0.75 0.60 0.50 0.30
239	1
11	1.0	0.10 0.10 0.75 0.60 0.50 0.30
240	1
11	1.0	0.10 0.10 0.75 0.60 0.50 0.30
241	1
11	1.0	0.10 0.10 0.75 0.60 0.50 0.30
242	1
11	1.0	0.10 0.10 0.75 0.60 0.50 0.30
243	1
11	1.0	0.10 0.10 0.75 0.60 0.50 0.30
244	1
6	1.0	0.10 0.10 1.00 0.65 1.00 0.25
245	1
6	1.0	0.10 0.10 1.00 0.65 1.00 0.25
246	1
7	1.0	0.10 0.10 1.00 0.65 1.00 0.25
247	1
11	1.0	0.10 0.10 0.75 0.60 0.50 0.30
248	1
11	1.0	0.10 0.10 0.75 0.60 0.50 0.30
249	1
11	1.0	0.10 0.10 0.75 0.60 0.50 0.30
250	1
11	1.0	0.10 0.10 0.75 0.60 0.50 0.30
251	1
11	1.0	0.10 0.10 0.75 0.60 0.50 0.30
252	1
11	1.0	0.10 0.10 0.75 0.60 0.50 0.30
253	1
11	1.0	0.10 0.10 0.75 0.60 0.50 0.30
254	1
11	1.0	0.10 0.10 0.75 0.60 0.50 0.30
255	1
11	1.0	0.10 0.10 0.75 0.60 0.50 0.30
256	1
11	1.0	0.10 0.10 0.75 0.60 0.50 0.30
257	1
11	1.0	0.10 0.10 0.75 0.60 0.50 0.30
258	1
11	1.0	0.10 0.10 0.75 0.60 0.50 0.30
259	1
11	1.0	0.10 0.10 0.75 0.60 0.50 0.30
260	1
11	1.0	0.10 0.10 0.75 0.60 0.50 0.30
261	1
11	1.0	0.10 0.10 0.75 0.60 0.50 0.30
262	1
11	1.0	0.10 0.10 0.75 0.60 0.50 0.30
263	1
11	1.0	0.10 0.10 0.75 0.60 0.50 0.30
264	1
11	1.0	0.10 0.10 0.75 0.60 0.50 0.30
265	1
11	1.0	0.10 0.10 0.75 0.60 0.50 0.30
266	1
11	1.0	0.10 0.10 0.75 0.60 0.50 0.30
267	1
11	1.0	0.10 0.10 0.75 0.60 0.50 0.30
268	1
11	1.0	0.10 0.10 0.75 0.60 0.50 0.30
269	1
10	1.0	0.10 0.10 1.00 0.70 0.50 0.20
270	1
7	1.0	0.10 0.10 1.00 0.65 1.00 0.25
271	1
6	1.0	0.10 0.10 1.00 0.65 1.00 0.25
272	1
10	1.0	0.10 0.10 1.00 0.70 0.50 0.20
273	1
11	1.0	0.10 0.10 0.75 0.60 0.50 0.30
274	1
11	1.0	0.10 0.10 0.75 0.60 0.50 0.30
275	1
11	1.0	0.10 0.10 0.75 0.60 0.50 0.30
276	1
11	1.0	0.10 0.10 0.75 0.60 0.50 0.30
277	1
11	1.0	0.10 0.10 0.75 0.60 0.50 0.30
278	1
11	1.0	0.10 0.10 0.75 0.60 0.50 0.30
279	1
11	1.0	0.10 0.10 0.75 0.60 0.50 0.30
280	1
11	1.0	0.10 0.10 0.75 0.60 0.50 0.30
281	1
11	1.0	0.10 0.10 0.75 0.60 0.50 0.30
282	1
11	1.0	0.10 0.10 0.75 0.60 0.50 0.30
283	1
11	1.0	0.10 0.10 0.75 0.60 0.50 0.30
284	1
11	1.0	0.10 0.10 0.75 0.60 0.50 0.30
285	1
11	1.0	0.10 0.10 0.75 0.60 0.50 0.30
286	1
11	1.0	0.10 0.10 0.75 0.60 0.50 0.30
287	1
11	1.0	0.10 0.10 0.75 0.60 0.50 0.30
288	1
11	1.0	0.10 0.10 0.75 0.60 0.50 0.30
289	1
11	1.0	0.10 0.10 0.75 0.60 0.50 0.30
290	1
11	1.0	0.10 0.10 0.75 0.60 0.50 0.30
291	1
11	1.0	0.10 0.10 0.75 0.60 0.50 0.30
292	1
11	1.0	0.10 0.10 0.75 0.60 0.50 0.30
293	1
11	1.0	0.10 0.10 0.75 0.60 0.50 0.30
294	1
11	1.0	0.10 0.10 0.75 0.60 0.50 0.30
295	1
11	1.0	0.10 0.10 0.75 0.60 0.50 0.30
296	1
11	1.0	0.10 0.10 0.75 0.60 0.50 0.30
297	1
7	1.0	0.10 0.10 1.00 0.65 1.00 0.25
298	1
11	1.0	0.10 0.10 0.75 0.60 0.50 0.30
299	1
10	1.0	0.10 0.10 1.00 0.70 0.50 0.20
300	1
11	1.0	0.10 0.10 0.75 0.60 0.50 0.30
301	1
11	1.0	0.10 0.10 0.75 0.60 0.50 0.30
302	1
11	1.0	0.10 0.10 0.75 0.60 0.50 0.30
303	1
11	1.0	0.10 0.10 0.75 0.60 0.50 0.30
304	1
11	1.0	0.10 0.10 0.75 0.60 0.50 0.30
305	1
11	1.0	0.10 0.10 0.75 0.60 0.50 0.30
306	1
11	1.0	0.10 0.10 0.75 0.60 0.50 0.30
307	1
11	1.0	0.10 0.10 0.75 0.60 0.50 0.30
308	1
11	1.0	0.10 0.10 0.75 0.60 0.50 0.30
309	1
11	1.0	0.10 0.10 0.75 0.60 0.50 0.30
310	1
11	1.0	0.10 0.10 0.75 0.60 0.50 0.30
311	1
11	1.0	0.10 0.10 0.75 0.60 0.50 0.30
312	1
11	1.0	0.10 0.10 0.75 0.60 0.50 0.30
313	1
10	1.0	0.10 0.10 1.00 0.70 0.50 0.20
314	1
11	1.0	0.10 0.10 0.75 0.60 0.50 0.30
315	1
11	1.0	0.10 0.10 0.75 0.60 0.50 0.30
316	1
11	1.0	0.10 0.10 0.75 0.60 0.50 0.30
317	1
10	1.0	0.10 0.10 1.00 0.70 0.50 0.20
318	1
11	1.0	0.10 0.10 0.75 0.60 0.50 0.30
319	1
11	1.0	0.10 0.10 0.75 0.60 0.50 0.30
320	1
11	1.0	0.10 0.10 0.75 0.60 0.50 0.30
321	1
11	1.0	0.10 0.10 0.75 0.60 0.50 0.30
322	1
11	1.0	0.10 0.10 0.75 0.60 0.50 0.30
323	1
11	1.0	0.10 0.10 0.75 0.60 0.50 0.30
324	1
11	1.0	0.10 0.10 0.75 0.60 0.50 0.30
325	1
11	1.0	0.10 0.10 0.75 0.60 0.50 0.30
326	1
10	1.0	0.10 0.10 1.00 0.70 0.50 0.20
327	1
10	1.0	0.10 0.10 1.00 0.70 0.50 0.20
328	1
10	1.0	0.10 0.10 1.00 0.70 0.50 0.20
329	1
11	1.0	0.10 0.10 0.75 0.60 0.50 0.30
330	1
11	1.0	0.10 0.10 0.75 0.60 0.50 0.30
331	1
11	1.0	0.10 0.10 0.75 0.60 0.50 0.30
332	1
10	1.0	0.10 0.10 1.00 0.70 0.50 0.20
333	1
11	1.0	0.10 0.10 0.75 0.60 0.50 0.30
334	1
11	1.0	0.10 0.10 0.75 0.60 0.50 0.30
335	1
11	1.0	0.10 0.10 0.75 0.60 0.50 0.30
336	1
11	1.0	0.10 0.10 0.75 0.60 0.50 0.30
337	1
11	1.0	0.10 0.10 0.75 0.60 0.50 0.30
338	1
11	1.0	0.10 0.10 0.75 0.60 0.50 0.30
339	1
11	1.0	0.10 0.10 0.75 0.60 0.50 0.30
340	1
11	1.0	0.10 0.10 0.75 0.60 0.50 0.30
341	1
11	1.0	0.10 0.10 0.75 0.60 0.50 0.30
342	1
11	1.0	0.10 0.10 0.75 0.60 0.50 0.30
343	1
11	1.0	0.10 0.10 0.75 0.60 0.50 0.30
344	1
11	1.0	0.10 0.10 0.75 0.60 0.50 0.30
345	1
11	1.0	0.10 0.10 0.75 0.60 0.50 0.30
346	1
11	1.0	0.10 0.10 0.75 0.60 0.50 0.30
347	1
11	1.0	0.10 0.10 0.75 0.60 0.50 0.30
348	1
10	1.0	0.10 0.10 1.00 0.70 0.50 0.20
349	1
11	1.0	0.10 0.10 0.75 0.60 0.50 0.30
350	1
11	1.0	0.10 0.10 0.75 0.60 0.50 0.30
351	1
11	1.0	0.10 0.10 0.75 0.60 0.50 0.30
352	1
11	1.0	0.10 0.10 0.75 0.60 0.50 0.30
353	1
11	1.0	0.10 0.10 0.75 0.60 0.50 0.30
354	1
11	1.0	0.10 0.10 0.75 0.60 0.50 0.30
355	1
7	1.0	0.10 0.10 1.00 0.65 1.00 0.25
356	1
10	1.0	0.10 0.10 1.00 0.70 0.50 0.20
357	1
10	1.0	0.10 0.10 1.00 0.70 0.50 0.20
358	1
7	1.0	0.10 0.10 1.00 0.65 1.00 0.25
359	1
10	1.0	0.10 0.10 1.00 0.70 0.50 0.20
360	1
11	1.0	0.10 0.10 0.75 0.60 0.50 0.30
361	1
11	1.0	0.10 0.10 0.75 0.60 0.50 0.30
362	1
11	1.0	0.10 0.10 0.75 0.60 0.50 0.30
363	1
11	1.0	0.10 0.10 0.75 0.60 0.50 0.30
364	1
11	1.0	0.10 0.10 0.75 0.60 0.50 0.30
365	1
7	1.0	0.10 0.10 1.00 0.65 1.00 0.25
366	1
11	1.0	0.10 0.10 0.75 0.60 0.50 0.30
367	1
11	1.0	0.10 0.10 0.75 0.60 0.50 0.30
368	1
11	1.0	0.10 0.10 0.75 0.60 0.50 0.30
369	1
11	1.0	0.10 0.10 0.75 0.60 0.50 0.30
370	1
11	1.0	0.10 0.10 0.75 0.60 0.50 0.30
371	1
11	1.0	0.10 0.10 0.75 0.60 0.50 0.30
372	1
11	1.0	0.10 0.10 0.75 0.60 0.50 0.30
373	1
11	1.0	0.10 0.10 0.75 0.60 0.50 0.30
374	1
11	1.0	0.10 0.10 0.75 0.60 0.50 0.30
375	1
11	1.0	0.10 0.10 0.75 0.60 0.50 0.30
376	1
11	1.0	0.10 0.10 0.75 0.60 0.50 0.30
377	1
11	1.0	0.10 0.10 0.75 0.60 0.50 0.30
378	1
11	1.0	0.10 0.10 0.75 0.60 0.50 0.30
379	1
11	1.0	0.10 0.10 0.75 0.60 0.50 0.30
380	1
11	1.0	0.10 0.10 0.75 0.60 0.50 0.30
381	1
11	1.0	0.10 0.10 0.75 0.60 0.50 0.30
382	1
7	1.0	0.10 0.10 1.00 0.65 1.00 0.25
383	1
7	1.0	0.10 0.10 1.00 0.65 1.00 0.25
384	1
7	1.0	0.10 0.10 1.00 0.65 1.00 0.25
385	1
7	1.0	0.10 0.10 1.00 0.65 1.00 0.25
386	1
10	1.0	0.10 0.10 1.00 0.70 0.50 0.20
387	1
11	1.0	0.10 0.10 0.75 0.60 0.50 0.30
388	1
11	1.0	0.10 0.10 0.75 0.60 0.50 0.30
389	1
11	1.0	0.10 0.10 0.75 0.60 0.50 0.30
390	1
10	1.0	0.10 0.10 1.00 0.70 0.50 0.20
391	1
11	1.0	0.10 0.10 0.75 0.60 0.50 0.30
392	1
11	1.0	0.10 0.10 0.75 0.60 0.50 0.30
393	1
10	1.0	0.10 0.10 1.00 0.70 0.50 0.20
394	1
11	1.0	0.10 0.10 0.75 0.60 0.50 0.30
395	1
11	1.0	0.10 0.10 0.75 0.60 0.50 0.30
396	1
10	1.0	0.10 0.10 1.00 0.70 0.50 0.20
397	1
10	1.0	0.10 0.10 1.00 0.70 0.50 0.20
398	1
11	1.0	0.10 0.10 0.75 0.60 0.50 0.30
399	1
11	1.0	0.10 0.10 0.75 0.60 0.50 0.30
400	1
11	1.0	0.10 0.10 0.75 0.60 0.50 0.30
401	1
11	1.0	0.10 0.10 0.75 0.60 0.50 0.30
402	1
11	1.0	0.10 0.10 0.75 0.60 0.50 0.30
403	1
11	1.0	0.10 0.10 0.75 0.60 0.50 0.30
404	1
11	1.0	0.10 0.10 0.75 0.60 0.50 0.30
405	1
11	1.0	0.10 0.10 0.75 0.60 0.50 0.30
406	1
11	1.0	0.10 0.10 0.75 0.60 0.50 0.30
407	1
10	1.0	0.10 0.10 1.00 0.70 0.50 0.20
408	1
7	1.0	0.10 0.10 1.00 0.65 1.00 0.25
409	1
7	1.0	0.10 0.10 1.00 0.65 1.00 0.25
410	1
11	1.0	0.10 0.10 0.75 0.60 0.50 0.30
411	1
11	1.0	0.10 0.10 0.75 0.60 0.50 0.30
412	1
11	1.0	0.10 0.10 0.75 0.60 0.50 0.30
413	1
11	1.0	0.10 0.10 0.75 0.60 0.50 0.30
414	1
11	1.0	0.10 0.10 0.75 0.60 0.50 0.30
415	1
11	1.0	0.10 0.10 0.75 0.60 0.50 0.30
416	1
11	1.0	0.10 0.10 0.75 0.60 0.50 0.30
417	1
11	1.0	0.10 0.10 0.75 0.60 0.50 0.30
418	1
10	1.0	0.10 0.10 1.00 0.70 0.50 0.20
419	1
11	1.0	0.10 0.10 0.75 0.60 0.50 0.30
420	1
11	1.0	0.10 0.10 0.75 0.60 0.50 0.30
421	1
11	1.0	0.10 0.10 0.75 0.60 0.50 0.30
422	1
11	1.0	0.10 0.10 0.75 0.60 0.50 0.30
423	1
11	1.0	0.10 0.10 0.75 0.60 0.50 0.30
424	1
11	1.0	0.10 0.10 0.75 0.60 0.50 0.30
425	1
10	1.0	0.10 0.10 1.00 0.70 0.50 0.20
426	1
10	1.0	0.10 0.10 1.00 0.70 0.50 0.20
427	1
11	1.0	0.10 0.10 0.75 0.60 0.50 0.30
428	1
11	1.0	0.10 0.10 0.75 0.60 0.50 0.30
429	1
11	1.0	0.10 0.10 0.75 0.60 0.50 0.30
430	1
11	1.0	0.10 0.10 0.75 0.60 0.50 0.30
431	1
11	1.0	0.10 0.10 0.75 0.60 0.50 0.30
432	1
10	1.0	0.10 0.10 1.00 0.70 0.50 0.20
433	1
11	1.0	0.10 0.10 0.75 0.60 0.50 0.30
434	1
11	1.0	0.10 0.10 0.75 0.60 0.50 0.30
435	1
11	1.0	0.10 0.10 0.75 0.60 0.50 0.30
436	1
11	1.0	0.10 0.10 0.75 0.60 0.50 0.30
437	1
11	1.0	0.10 0.10 0.75 0.60 0.50 0.30
438	1
11	1.0	0.10 0.10 0.75 0.60 0.50 0.30
439	1
11	1.0	0.10 0.10 0.75 0.60 0.50 0.30
440	1
11	1.0	0.10 0.10 0.75 0.60 0.50 0.30
441	1
11	1.0	0.10 0.10 0.75 0.60 0.50 0.30
442	1
11	1.0	0.10 0.10 0.75 0.60 0.50 0.30
443	1
10	1.0	0.10 0.10 1.00 0.70 0.50 0.20
444	1
11	1.0	0.10 0.10 0.75 0.60 0.50 0.30
445	1
11	1.0	0.10 0.10 0.75 0.60 0.50 0.30
446	1
11	1.0	0.10 0.10 0.75 0.60 0.50 0.30
447	1
11	1.0	0.10 0.10 0.75 0.60 0.50 0.30
448	1
11	1.0	0.10 0.10 0.75 0.60 0.50 0.30
449	1
11	1.0	0.10 0.10 0.75 0.60 0.50 0.30
450	1
11	1.0	0.10 0.10 0.75 0.60 0.50 0.30
451	1
11	1.0	0.10 0.10 0.75 0.60 0.50 0.30
452	1
10	1.0	0.10 0.10 1.00 0.70 0.50 0.20
453	1
10	1.0	0.10 0.10 1.00 0.70 0.50 0.20
454	1
11	1.0	0.10 0.10 0.75 0.60 0.50 0.30
455	1
11	1.0	0.10 0.10 0.75 0.60 0.50 0.30
456	1
11	1.0	0.10 0.10 0.75 0.60 0.50 0.30
457	1
11	1.0	0.10 0.10 0.75 0.60 0.50 0.30
458	1
11	1.0	0.10 0.10 0.75 0.60 0.50 0.30
459	1
10	1.0	0.10 0.10 1.00 0.70 0.50 0.20
460	1
10	1.0	0.10 0.10 1.00 0.70 0.50 0.20
461	1
11	1.0	0.10 0.10 0.75 0.60 0.50 0.30
462	1
11	1.0	0.10 0.10 0.75 0.60 0.50 0.30
463	1
11	1.0	0.10 0.10 0.75 0.60 0.50 0.30
464	1
11	1.0	0.10 0.10 0.75 0.60 0.50 0.30
465	1
11	1.0	0.10 0.10 0.75 0.60 0.50 0.30
466	1
11	1.0	0.10 0.10 0.75 0.60 0.50 0.30
467	1
11	1.0	0.10 0.10 0.75 0.60 0.50 0.30
468	1
11	1.0	0.10 0.10 0.75 0.60 0.50 0.30
469	1
11	1.0	0.10 0.10 0.75 0.60 0.50 0.30
470	1
11	1.0	0.10 0.10 0.75 0.60 0.50 0.30
471	1
11	1.0	0.10 0.10 0.75 0.60 0.50 0.30
472	1
11	1.0	0.10 0.10 0.75 0.60 0.50 0.30
473	1
11	1.0	0.10 0.10 0.75 0.60 0.50 0.30
474	1
11	1.0	0.10 0.10 0.75 0.60 0.50 0.30
475	1
11	1.0	0.10 0.10 0.75 0.60 0.50 0.30
476	1
11	1.0	0.10 0.10 0.75 0.60 0.50 0.30
477	1
7	1.0	0.10 0.10 1.00 0.65 1.00 0.25
478	1
7	1.0	0.10 0.10 1.00 0.65 1.00 0.25
479	1
11	1.0	0.10 0.10 0.75 0.60 0.50 0.30
480	1
11	1.0	0.10 0.10 0.75 0.60 0.50 0.30
481	1
10	1.0	0.10 0.10 1.00 0.70 0.50 0.20
482	1
11	1.0	0.10 0.10 0.75 0.60 0.50 0.30
483	0
484	1
11	1.0	0.10 0.10 0.75 0.60 0.50 0.30
485	1
10	1.0	0.10 0.10 1.00 0.70 0.50 0.20
486	1
10	1.0	0.10 0.10 1.00 0.70 0.50 0.20
487	1
11	1.0	0.10 0.10 0.75 0.60 0.50 0.30
488	1
11	1.0	0.10 0.10 0.75 0.60 0.50 0.30
489	1
11	1.0	0.10 0.10 0.75 0.60 0.50 0.30
490	1
11	1.0	0.10 0.10 0.75 0.60 0.50 0.30
491	1
11	1.0	0.10 0.10 0.75 0.60 0.50 0.30
492	1
11	1.0	0.10 0.10 0.75 0.60 0.50 0.30
493	1
11	1.0	0.10 0.10 0.75 0.60 0.50 0.30
494	1
11	1.0	0.10 0.10 0.75 0.60 0.50 0.30
495	1
10	1.0	0.10 0.10 1.00 0.70 0.50 0.20
496	1
11	1.0	0.10 0.10 0.75 0.60 0.50 0.30
497	1
11	1.0	0.10 0.10 0.75 0.60 0.50 0.30
498	1
11	1.0	0.10 0.10 0.75 0.60 0.50 0.30
499	1
11	1.0	0.10 0.10 0.75 0.60 0.50 0.30
500	1
10	1.0	0.10 0.10 1.00 0.70 0.50 0.20
501	1
11	1.0	0.10 0.10 0.75 0.60 0.50 0.30
502	1
10	1.0	0.10 0.10 1.00 0.70 0.50 0.20
503	1
10	1.0	0.10 0.10 1.00 0.70 0.50 0.20
504	1
7	1.0	0.10 0.10 1.00 0.65 1.00 0.25
505	1
11	1.0	0.10 0.10 0.75 0.60 0.50 0.30
506	1
11	1.0	0.10 0.10 0.75 0.60 0.50 0.30
507	1
10	1.0	0.10 0.10 1.00 0.70 0.50 0.20
508	1
10	1.0	0.10 0.10 1.00 0.70 0.50 0.20
509	1
7	1.0	0.10 0.10 1.00 0.65 1.00 0.25
510	1
10	1.0	0.10 0.10 1.00 0.70 0.50 0.20
511	1
10	1.0	0.10 0.10 1.00 0.70 0.50 0.20
512	1
11	1.0	0.10 0.10 0.75 0.60 0.50 0.30
513	1
10	1.0	0.10 0.10 1.00 0.70 0.50 0.20
514	1
11	1.0	0.10 0.10 0.75 0.60 0.50 0.30
515	1
11	1.0	0.10 0.10 0.75 0.60 0.50 0.30
516	1
11	1.0	0.10 0.10 0.75 0.60 0.50 0.30
517	1
11	1.0	0.10 0.10 0.75 0.60 0.50 0.30
518	1
11	1.0	0.10 0.10 0.75 0.60 0.50 0.30
519	1
11	1.0	0.10 0.10 0.75 0.60 0.50 0.30
520	1
11	1.0	0.10 0.10 0.75 0.60 0.50 0.30
521	1
7	1.0	0.10 0.10 1.00 0.65 1.00 0.25
